   0.0000000e+00   1.0000000e+00   0.0000000e+00
   5.0050050e-03   1.0000000e+00   1.8752338e-03
   1.0010010e-02   1.0000000e+00   7.4837621e-03
   1.5015015e-02   1.0000000e+00   1.6792935e-02
   2.0020020e-02   1.0000000e+00   2.9761021e-02
   2.5025025e-02   1.0000000e+00   4.6337355e-02
   3.0030030e-02   1.0000000e+00   6.6462512e-02
   3.5035035e-02   1.0000000e+00   9.0068497e-02
   4.0040040e-02   1.0000000e+00   1.1707896e-01
   4.5045045e-02   1.0000000e+00   1.4740942e-01
   5.0050050e-02   1.0000000e+00   1.8096754e-01
   5.5055055e-02   1.0000000e+00   2.1765336e-01
   6.0060060e-02   1.0000000e+00   2.5735962e-01
   6.5065065e-02   1.0000000e+00   2.9997205e-01
   7.0070070e-02   1.0000000e+00   3.4536968e-01
   7.5075075e-02   1.0000000e+00   3.9342519e-01
   8.0080080e-02   1.0000000e+00   4.4400526e-01
   8.5085085e-02   1.0000000e+00   4.9697092e-01
   9.0090090e-02   1.0000000e+00   5.5217794e-01
   9.5095095e-02   1.0000000e+00   6.0947722e-01
   1.0010010e-01   1.0000000e+00   6.6871516e-01
   1.0510511e-01   1.0000000e+00   7.2973410e-01
   1.1011011e-01   1.0000000e+00   7.9237270e-01
   1.1511512e-01   1.0000000e+00   8.5646638e-01
   1.2012012e-01   1.0000000e+00   9.2184778e-01
   1.2512513e-01   1.0000000e+00   9.8834711e-01
   1.3013013e-01   1.0000000e+00   1.0557927e+00
   1.3513514e-01   1.0000000e+00   1.1240112e+00
   1.4014014e-01   1.0000000e+00   1.1928285e+00
   1.4514515e-01   1.0000000e+00   1.2620696e+00
   1.5015015e-01   1.0000000e+00   1.3315595e+00
   1.5515516e-01   1.0000000e+00   1.4011232e+00
   1.6016016e-01   1.0000000e+00   1.4705866e+00
   1.6516517e-01   1.0000000e+00   1.5397767e+00
   1.7017017e-01   1.0000000e+00   1.6085220e+00
   1.7517518e-01   1.0000000e+00   1.6766530e+00
   1.8018018e-01   1.0000000e+00   1.7440025e+00
   1.8518519e-01   1.0000000e+00   1.8104062e+00
   1.9019019e-01   1.0000000e+00   1.8757029e+00
   1.9519520e-01   1.0000000e+00   1.9397350e+00
   2.0020020e-01   1.0000000e+00   2.0023489e+00
   2.0520521e-01   1.0000000e+00   2.0633952e+00
   2.1021021e-01   1.0000000e+00   2.1227293e+00
   2.1521522e-01   1.0000000e+00   2.1802114e+00
   2.2022022e-01   1.0000000e+00   2.2357072e+00
   2.2522523e-01   1.0000000e+00   2.2890879e+00
   2.3023023e-01   1.0000000e+00   2.3402309e+00
   2.3523524e-01   1.0000000e+00   2.3890194e+00
   2.4024024e-01   1.0000000e+00   2.4353434e+00
   2.4524525e-01   1.0000000e+00   2.4790994e+00
   2.5025025e-01   1.0000000e+00   2.5201909e+00
   2.5525526e-01   1.0000000e+00   2.5585286e+00
   2.6026026e-01   1.0000000e+00   2.5940305e+00
   2.6526527e-01   1.0000000e+00   2.6266220e+00
   2.7027027e-01   1.0000000e+00   2.6562362e+00
   2.7527528e-01   1.0000000e+00   2.6828141e+00
   2.8028028e-01   1.0000000e+00   2.7063043e+00
   2.8528529e-01   1.0000000e+00   2.7266636e+00
   2.9029029e-01   1.0000000e+00   2.7438568e+00
   2.9529530e-01   1.0000000e+00   2.7578567e+00
   3.0030030e-01   1.0000000e+00   2.7686443e+00
   3.0530531e-01   1.0000000e+00   2.7762086e+00
   3.1031031e-01   1.0000000e+00   2.7805470e+00
   3.1531532e-01   1.0000000e+00   2.7816646e+00
   3.2032032e-01   1.0000000e+00   2.7795747e+00
   3.2532533e-01   1.0000000e+00   2.7742986e+00
   3.3033033e-01   1.0000000e+00   2.7658653e+00
   3.3533534e-01   1.0000000e+00   2.7543118e+00
   3.4034034e-01   1.0000000e+00   2.7396823e+00
   3.4534535e-01   1.0000000e+00   2.7220289e+00
   3.5035035e-01   1.0000000e+00   2.7014107e+00
   3.5535536e-01   1.0000000e+00   2.6778941e+00
   3.6036036e-01   1.0000000e+00   2.6515522e+00
   3.6536537e-01   1.0000000e+00   2.6224649e+00
   3.7037037e-01   1.0000000e+00   2.5907188e+00
   3.7537538e-01   1.0000000e+00   2.5564062e+00
   3.8038038e-01   1.0000000e+00   2.5196258e+00
   3.8538539e-01   1.0000000e+00   2.4804818e+00
   3.9039039e-01   1.0000000e+00   2.4390838e+00
   3.9539540e-01   1.0000000e+00   2.3955463e+00
   4.0040040e-01   1.0000000e+00   2.3499890e+00
   4.0540541e-01   1.0000000e+00   2.3025357e+00
   4.1041041e-01   1.0000000e+00   2.2533143e+00
   4.1541542e-01   1.0000000e+00   2.2024567e+00
   4.2042042e-01   1.0000000e+00   2.1500981e+00
   4.2542543e-01   1.0000000e+00   2.0963769e+00
   4.3043043e-01   1.0000000e+00   2.0414339e+00
   4.3543544e-01   1.0000000e+00   1.9854127e+00
   4.4044044e-01   1.0000000e+00   1.9284584e+00
   4.4544545e-01   1.0000000e+00   1.8707181e+00
   4.5045045e-01   1.0000000e+00   1.8123400e+00
   4.5545546e-01   1.0000000e+00   1.7534730e+00
   4.6046046e-01   1.0000000e+00   1.6942666e+00
   4.6546547e-01   1.0000000e+00   1.6348705e+00
   4.7047047e-01   1.0000000e+00   1.5754341e+00
   4.7547548e-01   1.0000000e+00   1.5161059e+00
   4.8048048e-01   1.0000000e+00   1.4570336e+00
   4.8548549e-01   1.0000000e+00   1.3983636e+00
   4.9049049e-01   1.0000000e+00   1.3402405e+00
   4.9549550e-01   1.0000000e+00   1.2828066e+00
   5.0050050e-01   1.0000000e+00   1.2262021e+00
   5.0550551e-01   1.0000000e+00   1.1705642e+00
   5.1051051e-01   1.0000000e+00   1.1160270e+00
   5.1551552e-01   1.0000000e+00   1.0627214e+00
   5.2052052e-01   1.0000000e+00   1.0107744e+00
   5.2552553e-01   1.0000000e+00   9.6030884e-01
   5.3053053e-01   1.0000000e+00   9.1144354e-01
   5.3553554e-01   1.0000000e+00   8.6429255e-01
   5.4054054e-01   1.0000000e+00   8.1896511e-01
   5.4554555e-01   1.0000000e+00   7.7556534e-01
   5.5055055e-01   1.0000000e+00   7.3419204e-01
   5.5555556e-01   1.0000000e+00   6.9493847e-01
   5.6056056e-01   1.0000000e+00   6.5789209e-01
   5.6556557e-01   1.0000000e+00   6.2313445e-01
   5.7057057e-01   1.0000000e+00   5.9074094e-01
   5.7557558e-01   1.0000000e+00   5.6078070e-01
   5.8058058e-01   1.0000000e+00   5.3331641e-01
   5.8558559e-01   1.0000000e+00   5.0840424e-01
   5.9059059e-01   1.0000000e+00   4.8609367e-01
   5.9559560e-01   1.0000000e+00   4.6642746e-01
   6.0060060e-01   1.0000000e+00   4.4944153e-01
   6.0560561e-01   1.0000000e+00   4.3516493e-01
   6.1061061e-01   1.0000000e+00   4.2361981e-01
   6.1561562e-01   1.0000000e+00   4.1482138e-01
   6.2062062e-01   1.0000000e+00   4.0877789e-01
   6.2562563e-01   1.0000000e+00   4.0549070e-01
   6.3063063e-01   1.0000000e+00   4.0495425e-01
   6.3563564e-01   1.0000000e+00   4.0715615e-01
   6.4064064e-01   1.0000000e+00   4.1207723e-01
   6.4564565e-01   1.0000000e+00   4.1969163e-01
   6.5065065e-01   1.0000000e+00   4.2996686e-01
   6.5565566e-01   1.0000000e+00   4.4286398e-01
   6.6066066e-01   1.0000000e+00   4.5833768e-01
   6.6566567e-01   1.0000000e+00   4.7633643e-01
   6.7067067e-01   1.0000000e+00   4.9680268e-01
   6.7567568e-01   1.0000000e+00   5.1967296e-01
   6.8068068e-01   1.0000000e+00   5.4487813e-01
   6.8568569e-01   1.0000000e+00   5.7234359e-01
   6.9069069e-01   1.0000000e+00   6.0198942e-01
   6.9569570e-01   1.0000000e+00   6.3373068e-01
   7.0070070e-01   1.0000000e+00   6.6747760e-01
   7.0570571e-01   1.0000000e+00   7.0313588e-01
   7.1071071e-01   1.0000000e+00   7.4060688e-01
   7.1571572e-01   1.0000000e+00   7.7978794e-01
   7.2072072e-01   1.0000000e+00   8.2057265e-01
   7.2572573e-01   1.0000000e+00   8.6285110e-01
   7.3073073e-01   1.0000000e+00   9.0651022e-01
   7.3573574e-01   1.0000000e+00   9.5143404e-01
   7.4074074e-01   1.0000000e+00   9.9750403e-01
   7.4574575e-01   1.0000000e+00   1.0445994e+00
   7.5075075e-01   1.0000000e+00   1.0925973e+00
   7.5575576e-01   1.0000000e+00   1.1413733e+00
   7.6076076e-01   1.0000000e+00   1.1908018e+00
   7.6576577e-01   1.0000000e+00   1.2407559e+00
   7.7077077e-01   1.0000000e+00   1.2911083e+00
   7.7577578e-01   1.0000000e+00   1.3417312e+00
   7.8078078e-01   1.0000000e+00   1.3924967e+00
   7.8578579e-01   1.0000000e+00   1.4432774e+00
   7.9079079e-01   1.0000000e+00   1.4939462e+00
   7.9579580e-01   1.0000000e+00   1.5443772e+00
   8.0080080e-01   1.0000000e+00   1.5944456e+00
   8.0580581e-01   1.0000000e+00   1.6440280e+00
   8.1081081e-01   1.0000000e+00   1.6930031e+00
   8.1581582e-01   1.0000000e+00   1.7412515e+00
   8.2082082e-01   1.0000000e+00   1.7886564e+00
   8.2582583e-01   1.0000000e+00   1.8351034e+00
   8.3083083e-01   1.0000000e+00   1.8804814e+00
   8.3583584e-01   1.0000000e+00   1.9246823e+00
   8.4084084e-01   1.0000000e+00   1.9676016e+00
   8.4584585e-01   1.0000000e+00   2.0091384e+00
   8.5085085e-01   1.0000000e+00   2.0491959e+00
   8.5585586e-01   1.0000000e+00   2.0876814e+00
   8.6086086e-01   1.0000000e+00   2.1245066e+00
   8.6586587e-01   1.0000000e+00   2.1595878e+00
   8.7087087e-01   1.0000000e+00   2.1928461e+00
   8.7587588e-01   1.0000000e+00   2.2242074e+00
   8.8088088e-01   1.0000000e+00   2.2536029e+00
   8.8588589e-01   1.0000000e+00   2.2809690e+00
   8.9089089e-01   1.0000000e+00   2.3062474e+00
   8.9589590e-01   1.0000000e+00   2.3293855e+00
   9.0090090e-01   1.0000000e+00   2.3503360e+00
   9.0590591e-01   1.0000000e+00   2.3690576e+00
   9.1091091e-01   1.0000000e+00   2.3855146e+00
   9.1591592e-01   1.0000000e+00   2.3996773e+00
   9.2092092e-01   1.0000000e+00   2.4115216e+00
   9.2592593e-01   1.0000000e+00   2.4210296e+00
   9.3093093e-01   1.0000000e+00   2.4281892e+00
   9.3593594e-01   1.0000000e+00   2.4329943e+00
   9.4094094e-01   1.0000000e+00   2.4354445e+00
   9.4594595e-01   1.0000000e+00   2.4355455e+00
   9.5095095e-01   1.0000000e+00   2.4333088e+00
   9.5595596e-01   1.0000000e+00   2.4287517e+00
   9.6096096e-01   1.0000000e+00   2.4218971e+00
   9.6596597e-01   1.0000000e+00   2.4127736e+00
   9.7097097e-01   1.0000000e+00   2.4014153e+00
   9.7597598e-01   1.0000000e+00   2.3878618e+00
   9.8098098e-01   1.0000000e+00   2.3721579e+00
   9.8598599e-01   1.0000000e+00   2.3543535e+00
   9.9099099e-01   1.0000000e+00   2.3345037e+00
   9.9599600e-01   1.0000000e+00   2.3126682e+00
   1.0010010e+00   1.0000000e+00   2.2889114e+00
   1.0060060e+00   1.0000000e+00   2.2633024e+00
   1.0110110e+00   1.0000000e+00   2.2359143e+00
   1.0160160e+00   1.0000000e+00   2.2068245e+00
   1.0210210e+00   1.0000000e+00   2.1761141e+00
   1.0260260e+00   1.0000000e+00   2.1438680e+00
   1.0310310e+00   1.0000000e+00   2.1101743e+00
   1.0360360e+00   1.0000000e+00   2.0751245e+00
   1.0410410e+00   1.0000000e+00   2.0388128e+00
   1.0460460e+00   1.0000000e+00   2.0013364e+00
   1.0510511e+00   1.0000000e+00   1.9627946e+00
   1.0560561e+00   1.0000000e+00   1.9232891e+00
   1.0610611e+00   1.0000000e+00   1.8829233e+00
   1.0660661e+00   1.0000000e+00   1.8418024e+00
   1.0710711e+00   1.0000000e+00   1.8000330e+00
   1.0760761e+00   1.0000000e+00   1.7577225e+00
   1.0810811e+00   1.0000000e+00   1.7149794e+00
   1.0860861e+00   1.0000000e+00   1.6719126e+00
   1.0910911e+00   1.0000000e+00   1.6286313e+00
   1.0960961e+00   1.0000000e+00   1.5852448e+00
   1.1011011e+00   1.0000000e+00   1.5418619e+00
   1.1061061e+00   1.0000000e+00   1.4985911e+00
   1.1111111e+00   1.0000000e+00   1.4555398e+00
   1.1161161e+00   1.0000000e+00   1.4128145e+00
   1.1211211e+00   1.0000000e+00   1.3705203e+00
   1.1261261e+00   1.0000000e+00   1.3287607e+00
   1.1311311e+00   1.0000000e+00   1.2876374e+00
   1.1361361e+00   1.0000000e+00   1.2472500e+00
   1.1411411e+00   1.0000000e+00   1.2076956e+00
   1.1461461e+00   1.0000000e+00   1.1690689e+00
   1.1511512e+00   1.0000000e+00   1.1314618e+00
   1.1561562e+00   1.0000000e+00   1.0949632e+00
   1.1611612e+00   1.0000000e+00   1.0596587e+00
   1.1661662e+00   1.0000000e+00   1.0256304e+00
   1.1711712e+00   1.0000000e+00   9.9295720e-01
   1.1761762e+00   1.0000000e+00   9.6171378e-01
   1.1811812e+00   1.0000000e+00   9.3197111e-01
   1.1861862e+00   1.0000000e+00   9.0379600e-01
   1.1911912e+00   1.0000000e+00   8.7725100e-01
   1.1961962e+00   1.0000000e+00   8.5239429e-01
   1.2012012e+00   1.0000000e+00   8.2927956e-01
   1.2062062e+00   1.0000000e+00   8.0795583e-01
   1.2112112e+00   1.0000000e+00   7.8846744e-01
   1.2162162e+00   1.0000000e+00   7.7085393e-01
   1.2212212e+00   1.0000000e+00   7.5514992e-01
   1.2262262e+00   1.0000000e+00   7.4138511e-01
   1.2312312e+00   1.0000000e+00   7.2958422e-01
   1.2362362e+00   1.0000000e+00   7.1976692e-01
   1.2412412e+00   1.0000000e+00   7.1194784e-01
   1.2462462e+00   1.0000000e+00   7.0613652e-01
   1.2512513e+00   1.0000000e+00   7.0233747e-01
   1.2562563e+00   1.0000000e+00   7.0055013e-01
   1.2612613e+00   1.0000000e+00   7.0076892e-01
   1.2662663e+00   1.0000000e+00   7.0298327e-01
   1.2712713e+00   1.0000000e+00   7.0717771e-01
   1.2762763e+00   1.0000000e+00   7.1333185e-01
   1.2812813e+00   1.0000000e+00   7.2142054e-01
   1.2862863e+00   1.0000000e+00   7.3141392e-01
   1.2912913e+00   1.0000000e+00   7.4327751e-01
   1.2962963e+00   1.0000000e+00   7.5697233e-01
   1.3013013e+00   1.0000000e+00   7.7245504e-01
   1.3063063e+00   1.0000000e+00   7.8967802e-01
   1.3113113e+00   1.0000000e+00   8.0858957e-01
   1.3163163e+00   1.0000000e+00   8.2913399e-01
   1.3213213e+00   1.0000000e+00   8.5125183e-01
   1.3263263e+00   1.0000000e+00   8.7487996e-01
   1.3313313e+00   1.0000000e+00   8.9995182e-01
   1.3363363e+00   1.0000000e+00   9.2639757e-01
   1.3413413e+00   1.0000000e+00   9.5414427e-01
   1.3463463e+00   1.0000000e+00   9.8311613e-01
   1.3513514e+00   1.0000000e+00   1.0132346e+00
   1.3563564e+00   1.0000000e+00   1.0444188e+00
   1.3613614e+00   1.0000000e+00   1.0765855e+00
   1.3663664e+00   1.0000000e+00   1.1096493e+00
   1.3713714e+00   1.0000000e+00   1.1435233e+00
   1.3763764e+00   1.0000000e+00   1.1781187e+00
   1.3813814e+00   1.0000000e+00   1.2133455e+00
   1.3863864e+00   1.0000000e+00   1.2491125e+00
   1.3913914e+00   1.0000000e+00   1.2853278e+00
   1.3963964e+00   1.0000000e+00   1.3218986e+00
   1.4014014e+00   1.0000000e+00   1.3587317e+00
   1.4064064e+00   1.0000000e+00   1.3957339e+00
   1.4114114e+00   1.0000000e+00   1.4328118e+00
   1.4164164e+00   1.0000000e+00   1.4698724e+00
   1.4214214e+00   1.0000000e+00   1.5068233e+00
   1.4264264e+00   1.0000000e+00   1.5435727e+00
   1.4314314e+00   1.0000000e+00   1.5800297e+00
   1.4364364e+00   1.0000000e+00   1.6161048e+00
   1.4414414e+00   1.0000000e+00   1.6517098e+00
   1.4464464e+00   1.0000000e+00   1.6867579e+00
   1.4514515e+00   1.0000000e+00   1.7211646e+00
   1.4564565e+00   1.0000000e+00   1.7548469e+00
   1.4614615e+00   1.0000000e+00   1.7877244e+00
   1.4664665e+00   1.0000000e+00   1.8197190e+00
   1.4714715e+00   1.0000000e+00   1.8507551e+00
   1.4764765e+00   1.0000000e+00   1.8807600e+00
   1.4814815e+00   1.0000000e+00   1.9096639e+00
   1.4864865e+00   1.0000000e+00   1.9374000e+00
   1.4914915e+00   1.0000000e+00   1.9639049e+00
   1.4964965e+00   1.0000000e+00   1.9891186e+00
   1.5015015e+00   1.0000000e+00   2.0129844e+00
   1.5065065e+00   1.0000000e+00   2.0354496e+00
   1.5115115e+00   1.0000000e+00   2.0564649e+00
   1.5165165e+00   1.0000000e+00   2.0759851e+00
   1.5215215e+00   1.0000000e+00   2.0939690e+00
   1.5265265e+00   1.0000000e+00   2.1103792e+00
   1.5315315e+00   1.0000000e+00   2.1251825e+00
   1.5365365e+00   1.0000000e+00   2.1383502e+00
   1.5415415e+00   1.0000000e+00   2.1498573e+00
   1.5465465e+00   1.0000000e+00   2.1596835e+00
   1.5515516e+00   1.0000000e+00   2.1678126e+00
   1.5565566e+00   1.0000000e+00   2.1742328e+00
   1.5615616e+00   1.0000000e+00   2.1789365e+00
   1.5665666e+00   1.0000000e+00   2.1819207e+00
   1.5715716e+00   1.0000000e+00   2.1831863e+00
   1.5765766e+00   1.0000000e+00   2.1827388e+00
   1.5815816e+00   1.0000000e+00   2.1805880e+00
   1.5865866e+00   1.0000000e+00   2.1767476e+00
   1.5915916e+00   1.0000000e+00   2.1712357e+00
   1.5965966e+00   1.0000000e+00   2.1640745e+00
   1.6016016e+00   1.0000000e+00   2.1552900e+00
   1.6066066e+00   1.0000000e+00   2.1449122e+00
   1.6116116e+00   1.0000000e+00   2.1329752e+00
   1.6166166e+00   1.0000000e+00   2.1195164e+00
   1.6216216e+00   1.0000000e+00   2.1045772e+00
   1.6266266e+00   1.0000000e+00   2.0882021e+00
   1.6316316e+00   1.0000000e+00   2.0704393e+00
   1.6366366e+00   1.0000000e+00   2.0513402e+00
   1.6416416e+00   1.0000000e+00   2.0309590e+00
   1.6466466e+00   1.0000000e+00   2.0093531e+00
   1.6516517e+00   1.0000000e+00   1.9865826e+00
   1.6566567e+00   1.0000000e+00   1.9627102e+00
   1.6616617e+00   1.0000000e+00   1.9378010e+00
   1.6666667e+00   1.0000000e+00   1.9119224e+00
   1.6716717e+00   1.0000000e+00   1.8851440e+00
   1.6766767e+00   1.0000000e+00   1.8575370e+00
   1.6816817e+00   1.0000000e+00   1.8291747e+00
   1.6866867e+00   1.0000000e+00   1.8001317e+00
   1.6916917e+00   1.0000000e+00   1.7704838e+00
   1.6966967e+00   1.0000000e+00   1.7403083e+00
   1.7017017e+00   1.0000000e+00   1.7096830e+00
   1.7067067e+00   1.0000000e+00   1.6786868e+00
   1.7117117e+00   1.0000000e+00   1.6473989e+00
   1.7167167e+00   1.0000000e+00   1.6158990e+00
   1.7217217e+00   1.0000000e+00   1.5842669e+00
   1.7267267e+00   1.0000000e+00   1.5525821e+00
   1.7317317e+00   1.0000000e+00   1.5209242e+00
   1.7367367e+00   1.0000000e+00   1.4893720e+00
   1.7417417e+00   1.0000000e+00   1.4580039e+00
   1.7467467e+00   1.0000000e+00   1.4268974e+00
   1.7517518e+00   1.0000000e+00   1.3961288e+00
   1.7567568e+00   1.0000000e+00   1.3657732e+00
   1.7617618e+00   1.0000000e+00   1.3359046e+00
   1.7667668e+00   1.0000000e+00   1.3065950e+00
   1.7717718e+00   1.0000000e+00   1.2779149e+00
   1.7767768e+00   1.0000000e+00   1.2499328e+00
   1.7817818e+00   1.0000000e+00   1.2227152e+00
   1.7867868e+00   1.0000000e+00   1.1963261e+00
   1.7917918e+00   1.0000000e+00   1.1708275e+00
   1.7967968e+00   1.0000000e+00   1.1462785e+00
   1.8018018e+00   1.0000000e+00   1.1227357e+00
   1.8068068e+00   1.0000000e+00   1.1002530e+00
   1.8118118e+00   1.0000000e+00   1.0788811e+00
   1.8168168e+00   1.0000000e+00   1.0586680e+00
   1.8218218e+00   1.0000000e+00   1.0396584e+00
   1.8268268e+00   1.0000000e+00   1.0218937e+00
   1.8318318e+00   1.0000000e+00   1.0054122e+00
   1.8368368e+00   1.0000000e+00   9.9024847e-01
   1.8418418e+00   1.0000000e+00   9.7643396e-01
   1.8468468e+00   1.0000000e+00   9.6399640e-01
   1.8518519e+00   1.0000000e+00   9.5296000e-01
   1.8568569e+00   1.0000000e+00   9.4334532e-01
   1.8618619e+00   1.0000000e+00   9.3516930e-01
   1.8668669e+00   1.0000000e+00   9.2844517e-01
   1.8718719e+00   1.0000000e+00   9.2318249e-01
   1.8768769e+00   1.0000000e+00   9.1938710e-01
   1.8818819e+00   1.0000000e+00   9.1706116e-01
   1.8868869e+00   1.0000000e+00   9.1620315e-01
   1.8918919e+00   1.0000000e+00   9.1680788e-01
   1.8968969e+00   1.0000000e+00   9.1886654e-01
   1.9019019e+00   1.0000000e+00   9.2236672e-01
   1.9069069e+00   1.0000000e+00   9.2729249e-01
   1.9119119e+00   1.0000000e+00   9.3362442e-01
   1.9169169e+00   1.0000000e+00   9.4133967e-01
   1.9219219e+00   1.0000000e+00   9.5041207e-01
   1.9269269e+00   1.0000000e+00   9.6081216e-01
   1.9319319e+00   1.0000000e+00   9.7250735e-01
   1.9369369e+00   1.0000000e+00   9.8546195e-01
   1.9419419e+00   1.0000000e+00   9.9963730e-01
   1.9469469e+00   1.0000000e+00   1.0149919e+00
   1.9519520e+00   1.0000000e+00   1.0314815e+00
   1.9569570e+00   1.0000000e+00   1.0490593e+00
   1.9619620e+00   1.0000000e+00   1.0676758e+00
   1.9669670e+00   1.0000000e+00   1.0872794e+00
   1.9719720e+00   1.0000000e+00   1.1078163e+00
   1.9769770e+00   1.0000000e+00   1.1292304e+00
   1.9819820e+00   1.0000000e+00   1.1514638e+00
   1.9869870e+00   1.0000000e+00   1.1744570e+00
   1.9919920e+00   1.0000000e+00   1.1981486e+00
   1.9969970e+00   1.0000000e+00   1.2224761e+00
   2.0020020e+00   1.0000000e+00   1.2473754e+00
   2.0070070e+00   1.0000000e+00   1.2727815e+00
   2.0120120e+00   1.0000000e+00   1.2986284e+00
   2.0170170e+00   1.0000000e+00   1.3248494e+00
   2.0220220e+00   1.0000000e+00   1.3513770e+00
   2.0270270e+00   1.0000000e+00   1.3781435e+00
   2.0320320e+00   1.0000000e+00   1.4050807e+00
   2.0370370e+00   1.0000000e+00   1.4321206e+00
   2.0420420e+00   1.0000000e+00   1.4591951e+00
   2.0470470e+00   1.0000000e+00   1.4862364e+00
   2.0520521e+00   1.0000000e+00   1.5131770e+00
   2.0570571e+00   1.0000000e+00   1.5399503e+00
   2.0620621e+00   1.0000000e+00   1.5664900e+00
   2.0670671e+00   1.0000000e+00   1.5927312e+00
   2.0720721e+00   1.0000000e+00   1.6186096e+00
   2.0770771e+00   1.0000000e+00   1.6440626e+00
   2.0820821e+00   1.0000000e+00   1.6690286e+00
   2.0870871e+00   1.0000000e+00   1.6934477e+00
   2.0920921e+00   1.0000000e+00   1.7172615e+00
   2.0970971e+00   1.0000000e+00   1.7404138e+00
   2.1021021e+00   1.0000000e+00   1.7628498e+00
   2.1071071e+00   1.0000000e+00   1.7845171e+00
   2.1121121e+00   1.0000000e+00   1.8053655e+00
   2.1171171e+00   1.0000000e+00   1.8253470e+00
   2.1221221e+00   1.0000000e+00   1.8444159e+00
   2.1271271e+00   1.0000000e+00   1.8625291e+00
   2.1321321e+00   1.0000000e+00   1.8796463e+00
   2.1371371e+00   1.0000000e+00   1.8957295e+00
   2.1421421e+00   1.0000000e+00   1.9107438e+00
   2.1471471e+00   1.0000000e+00   1.9246571e+00
   2.1521522e+00   1.0000000e+00   1.9374400e+00
   2.1571572e+00   1.0000000e+00   1.9490662e+00
   2.1621622e+00   1.0000000e+00   1.9595125e+00
   2.1671672e+00   1.0000000e+00   1.9687587e+00
   2.1721722e+00   1.0000000e+00   1.9767877e+00
   2.1771772e+00   1.0000000e+00   1.9835855e+00
   2.1821822e+00   1.0000000e+00   1.9891412e+00
   2.1871872e+00   1.0000000e+00   1.9934472e+00
   2.1921922e+00   1.0000000e+00   1.9964990e+00
   2.1971972e+00   1.0000000e+00   1.9982952e+00
   2.2022022e+00   1.0000000e+00   1.9988375e+00
   2.2072072e+00   1.0000000e+00   1.9981309e+00
   2.2122122e+00   1.0000000e+00   1.9961834e+00
   2.2172172e+00   1.0000000e+00   1.9930061e+00
   2.2222222e+00   1.0000000e+00   1.9886129e+00
   2.2272272e+00   1.0000000e+00   1.9830211e+00
   2.2322322e+00   1.0000000e+00   1.9762504e+00
   2.2372372e+00   1.0000000e+00   1.9683238e+00
   2.2422422e+00   1.0000000e+00   1.9592668e+00
   2.2472472e+00   1.0000000e+00   1.9491076e+00
   2.2522523e+00   1.0000000e+00   1.9378772e+00
   2.2572573e+00   1.0000000e+00   1.9256089e+00
   2.2622623e+00   1.0000000e+00   1.9123386e+00
   2.2672673e+00   1.0000000e+00   1.8981045e+00
   2.2722723e+00   1.0000000e+00   1.8829468e+00
   2.2772773e+00   1.0000000e+00   1.8669082e+00
   2.2822823e+00   1.0000000e+00   1.8500330e+00
   2.2872873e+00   1.0000000e+00   1.8323676e+00
   2.2922923e+00   1.0000000e+00   1.8139600e+00
   2.2972973e+00   1.0000000e+00   1.7948600e+00
   2.3023023e+00   1.0000000e+00   1.7751188e+00
   2.3073073e+00   1.0000000e+00   1.7547887e+00
   2.3123123e+00   1.0000000e+00   1.7339237e+00
   2.3173173e+00   1.0000000e+00   1.7125784e+00
   2.3223223e+00   1.0000000e+00   1.6908087e+00
   2.3273273e+00   1.0000000e+00   1.6686709e+00
   2.3323323e+00   1.0000000e+00   1.6462223e+00
   2.3373373e+00   1.0000000e+00   1.6235204e+00
   2.3423423e+00   1.0000000e+00   1.6006234e+00
   2.3473473e+00   1.0000000e+00   1.5775892e+00
   2.3523524e+00   1.0000000e+00   1.5544762e+00
   2.3573574e+00   1.0000000e+00   1.5313425e+00
   2.3623624e+00   1.0000000e+00   1.5082460e+00
   2.3673674e+00   1.0000000e+00   1.4852442e+00
   2.3723724e+00   1.0000000e+00   1.4623942e+00
   2.3773774e+00   1.0000000e+00   1.4397521e+00
   2.3823824e+00   1.0000000e+00   1.4173736e+00
   2.3873874e+00   1.0000000e+00   1.3953132e+00
   2.3923924e+00   1.0000000e+00   1.3736245e+00
   2.3973974e+00   1.0000000e+00   1.3523598e+00
   2.4024024e+00   1.0000000e+00   1.3315701e+00
   2.4074074e+00   1.0000000e+00   1.3113050e+00
   2.4124124e+00   1.0000000e+00   1.2916124e+00
   2.4174174e+00   1.0000000e+00   1.2725388e+00
   2.4224224e+00   1.0000000e+00   1.2541286e+00
   2.4274274e+00   1.0000000e+00   1.2364246e+00
   2.4324324e+00   1.0000000e+00   1.2194675e+00
   2.4374374e+00   1.0000000e+00   1.2032958e+00
   2.4424424e+00   1.0000000e+00   1.1879461e+00
   2.4474474e+00   1.0000000e+00   1.1734527e+00
   2.4524525e+00   1.0000000e+00   1.1598473e+00
   2.4574575e+00   1.0000000e+00   1.1471597e+00
   2.4624625e+00   1.0000000e+00   1.1354169e+00
   2.4674675e+00   1.0000000e+00   1.1246436e+00
   2.4724725e+00   1.0000000e+00   1.1148617e+00
   2.4774775e+00   1.0000000e+00   1.1060909e+00
   2.4824825e+00   1.0000000e+00   1.0983479e+00
   2.4874875e+00   1.0000000e+00   1.0916470e+00
   2.4924925e+00   1.0000000e+00   1.0859997e+00
   2.4974975e+00   1.0000000e+00   1.0814148e+00
   2.5025025e+00   1.0000000e+00   1.0778986e+00
   2.5075075e+00   1.0000000e+00   1.0754544e+00
   2.5125125e+00   1.0000000e+00   1.0740831e+00
   2.5175175e+00   1.0000000e+00   1.0737826e+00
   2.5225225e+00   1.0000000e+00   1.0745484e+00
   2.5275275e+00   1.0000000e+00   1.0763733e+00
   2.5325325e+00   1.0000000e+00   1.0792474e+00
   2.5375375e+00   1.0000000e+00   1.0831582e+00
   2.5425425e+00   1.0000000e+00   1.0880909e+00
   2.5475475e+00   1.0000000e+00   1.0940280e+00
   2.5525526e+00   1.0000000e+00   1.1009497e+00
   2.5575576e+00   1.0000000e+00   1.1088338e+00
   2.5625626e+00   1.0000000e+00   1.1176557e+00
   2.5675676e+00   1.0000000e+00   1.1273887e+00
   2.5725726e+00   1.0000000e+00   1.1380041e+00
   2.5775776e+00   1.0000000e+00   1.1494707e+00
   2.5825826e+00   1.0000000e+00   1.1617559e+00
   2.5875876e+00   1.0000000e+00   1.1748247e+00
   2.5925926e+00   1.0000000e+00   1.1886406e+00
   2.5975976e+00   1.0000000e+00   1.2031654e+00
   2.6026026e+00   1.0000000e+00   1.2183592e+00
   2.6076076e+00   1.0000000e+00   1.2341808e+00
   2.6126126e+00   1.0000000e+00   1.2505875e+00
   2.6176176e+00   1.0000000e+00   1.2675354e+00
   2.6226226e+00   1.0000000e+00   1.2849794e+00
   2.6276276e+00   1.0000000e+00   1.3028734e+00
   2.6326326e+00   1.0000000e+00   1.3211706e+00
   2.6376376e+00   1.0000000e+00   1.3398232e+00
   2.6426426e+00   1.0000000e+00   1.3587829e+00
   2.6476476e+00   1.0000000e+00   1.3780007e+00
   2.6526527e+00   1.0000000e+00   1.3974273e+00
   2.6576577e+00   1.0000000e+00   1.4170132e+00
   2.6626627e+00   1.0000000e+00   1.4367086e+00
   2.6676677e+00   1.0000000e+00   1.4564638e+00
   2.6726727e+00   1.0000000e+00   1.4762291e+00
   2.6776777e+00   1.0000000e+00   1.4959552e+00
   2.6826827e+00   1.0000000e+00   1.5155929e+00
   2.6876877e+00   1.0000000e+00   1.5350935e+00
   2.6926927e+00   1.0000000e+00   1.5544092e+00
   2.6976977e+00   1.0000000e+00   1.5734925e+00
   2.7027027e+00   1.0000000e+00   1.5922969e+00
   2.7077077e+00   1.0000000e+00   1.6107768e+00
   2.7127127e+00   1.0000000e+00   1.6288878e+00
   2.7177177e+00   1.0000000e+00   1.6465863e+00
   2.7227227e+00   1.0000000e+00   1.6638303e+00
   2.7277277e+00   1.0000000e+00   1.6805789e+00
   2.7327327e+00   1.0000000e+00   1.6967927e+00
   2.7377377e+00   1.0000000e+00   1.7124340e+00
   2.7427427e+00   1.0000000e+00   1.7274665e+00
   2.7477477e+00   1.0000000e+00   1.7418556e+00
   2.7527528e+00   1.0000000e+00   1.7555688e+00
   2.7577578e+00   1.0000000e+00   1.7685749e+00
   2.7627628e+00   1.0000000e+00   1.7808452e+00
   2.7677678e+00   1.0000000e+00   1.7923526e+00
   2.7727728e+00   1.0000000e+00   1.8030722e+00
   2.7777778e+00   1.0000000e+00   1.8129812e+00
   2.7827828e+00   1.0000000e+00   1.8220587e+00
   2.7877878e+00   1.0000000e+00   1.8302864e+00
   2.7927928e+00   1.0000000e+00   1.8376479e+00
   2.7977978e+00   1.0000000e+00   1.8441290e+00
   2.8028028e+00   1.0000000e+00   1.8497182e+00
   2.8078078e+00   1.0000000e+00   1.8544057e+00
   2.8128128e+00   1.0000000e+00   1.8581845e+00
   2.8178178e+00   1.0000000e+00   1.8610495e+00
   2.8228228e+00   1.0000000e+00   1.8629983e+00
   2.8278278e+00   1.0000000e+00   1.8640305e+00
   2.8328328e+00   1.0000000e+00   1.8641481e+00
   2.8378378e+00   1.0000000e+00   1.8633554e+00
   2.8428428e+00   1.0000000e+00   1.8616589e+00
   2.8478478e+00   1.0000000e+00   1.8590674e+00
   2.8528529e+00   1.0000000e+00   1.8555917e+00
   2.8578579e+00   1.0000000e+00   1.8512451e+00
   2.8628629e+00   1.0000000e+00   1.8460427e+00
   2.8678679e+00   1.0000000e+00   1.8400018e+00
   2.8728729e+00   1.0000000e+00   1.8331416e+00
   2.8778779e+00   1.0000000e+00   1.8254834e+00
   2.8828829e+00   1.0000000e+00   1.8170503e+00
   2.8878879e+00   1.0000000e+00   1.8078673e+00
   2.8928929e+00   1.0000000e+00   1.7979610e+00
   2.8978979e+00   1.0000000e+00   1.7873597e+00
   2.9029029e+00   1.0000000e+00   1.7760935e+00
   2.9079079e+00   1.0000000e+00   1.7641938e+00
   2.9129129e+00   1.0000000e+00   1.7516935e+00
   2.9179179e+00   1.0000000e+00   1.7386268e+00
   2.9229229e+00   1.0000000e+00   1.7250292e+00
   2.9279279e+00   1.0000000e+00   1.7109374e+00
   2.9329329e+00   1.0000000e+00   1.6963889e+00
   2.9379379e+00   1.0000000e+00   1.6814224e+00
   2.9429429e+00   1.0000000e+00   1.6660774e+00
   2.9479479e+00   1.0000000e+00   1.6503941e+00
   2.9529530e+00   1.0000000e+00   1.6344133e+00
   2.9579580e+00   1.0000000e+00   1.6181766e+00
   2.9629630e+00   1.0000000e+00   1.6017257e+00
   2.9679680e+00   1.0000000e+00   1.5851028e+00
   2.9729730e+00   1.0000000e+00   1.5683503e+00
   2.9779780e+00   1.0000000e+00   1.5515107e+00
   2.9829830e+00   1.0000000e+00   1.5346264e+00
   2.9879880e+00   1.0000000e+00   1.5177400e+00
   2.9929930e+00   1.0000000e+00   1.5008935e+00
   2.9979980e+00   1.0000000e+00   1.4841289e+00
   3.0030030e+00   1.0000000e+00   1.4674877e+00
   3.0080080e+00   1.0000000e+00   1.4510107e+00
   3.0130130e+00   1.0000000e+00   1.4347384e+00
   3.0180180e+00   1.0000000e+00   1.4187104e+00
   3.0230230e+00   1.0000000e+00   1.4029655e+00
   3.0280280e+00   1.0000000e+00   1.3875416e+00
   3.0330330e+00   1.0000000e+00   1.3724756e+00
   3.0380380e+00   1.0000000e+00   1.3578035e+00
   3.0430430e+00   1.0000000e+00   1.3435598e+00
   3.0480480e+00   1.0000000e+00   1.3297781e+00
   3.0530531e+00   1.0000000e+00   1.3164905e+00
   3.0580581e+00   1.0000000e+00   1.3037276e+00
   3.0630631e+00   1.0000000e+00   1.2915188e+00
   3.0680681e+00   1.0000000e+00   1.2798917e+00
   3.0730731e+00   1.0000000e+00   1.2688726e+00
   3.0780781e+00   1.0000000e+00   1.2584859e+00
   3.0830831e+00   1.0000000e+00   1.2487545e+00
   3.0880881e+00   1.0000000e+00   1.2396992e+00
   3.0930931e+00   1.0000000e+00   1.2313395e+00
   3.0980981e+00   1.0000000e+00   1.2236927e+00
   3.1031031e+00   1.0000000e+00   1.2167743e+00
   3.1081081e+00   1.0000000e+00   1.2105981e+00
   3.1131131e+00   1.0000000e+00   1.2051757e+00
   3.1181181e+00   1.0000000e+00   1.2005168e+00
   3.1231231e+00   1.0000000e+00   1.1966295e+00
   3.1281281e+00   1.0000000e+00   1.1935194e+00
   3.1331331e+00   1.0000000e+00   1.1911905e+00
   3.1381381e+00   1.0000000e+00   1.1896447e+00
   3.1431431e+00   1.0000000e+00   1.1888819e+00
   3.1481481e+00   1.0000000e+00   1.1889002e+00
   3.1531532e+00   1.0000000e+00   1.1896957e+00
   3.1581582e+00   1.0000000e+00   1.1912623e+00
   3.1631632e+00   1.0000000e+00   1.1935925e+00
   3.1681682e+00   1.0000000e+00   1.1966764e+00
   3.1731732e+00   1.0000000e+00   1.2005028e+00
   3.1781782e+00   1.0000000e+00   1.2050582e+00
   3.1831832e+00   1.0000000e+00   1.2103278e+00
   3.1881882e+00   1.0000000e+00   1.2162947e+00
   3.1931932e+00   1.0000000e+00   1.2229406e+00
   3.1981982e+00   1.0000000e+00   1.2302454e+00
   3.2032032e+00   1.0000000e+00   1.2381877e+00
   3.2082082e+00   1.0000000e+00   1.2467444e+00
   3.2132132e+00   1.0000000e+00   1.2558911e+00
   3.2182182e+00   1.0000000e+00   1.2656020e+00
   3.2232232e+00   1.0000000e+00   1.2758499e+00
   3.2282282e+00   1.0000000e+00   1.2866067e+00
   3.2332332e+00   1.0000000e+00   1.2978428e+00
   3.2382382e+00   1.0000000e+00   1.3095280e+00
   3.2432432e+00   1.0000000e+00   1.3216306e+00
   3.2482482e+00   1.0000000e+00   1.3341184e+00
   3.2532533e+00   1.0000000e+00   1.3469582e+00
   3.2582583e+00   1.0000000e+00   1.3601163e+00
   3.2632633e+00   1.0000000e+00   1.3735582e+00
   3.2682683e+00   1.0000000e+00   1.3872488e+00
   3.2732733e+00   1.0000000e+00   1.4011528e+00
   3.2782783e+00   1.0000000e+00   1.4152343e+00
   3.2832833e+00   1.0000000e+00   1.4294572e+00
   3.2882883e+00   1.0000000e+00   1.4437854e+00
   3.2932933e+00   1.0000000e+00   1.4581825e+00
   3.2982983e+00   1.0000000e+00   1.4726121e+00
   3.3033033e+00   1.0000000e+00   1.4870382e+00
   3.3083083e+00   1.0000000e+00   1.5014246e+00
   3.3133133e+00   1.0000000e+00   1.5157356e+00
   3.3183183e+00   1.0000000e+00   1.5299359e+00
   3.3233233e+00   1.0000000e+00   1.5439905e+00
   3.3283283e+00   1.0000000e+00   1.5578650e+00
   3.3333333e+00   1.0000000e+00   1.5715257e+00
   3.3383383e+00   1.0000000e+00   1.5849395e+00
   3.3433433e+00   1.0000000e+00   1.5980741e+00
   3.3483483e+00   1.0000000e+00   1.6108982e+00
   3.3533534e+00   1.0000000e+00   1.6233812e+00
   3.3583584e+00   1.0000000e+00   1.6354936e+00
   3.3633634e+00   1.0000000e+00   1.6472070e+00
   3.3683684e+00   1.0000000e+00   1.6584943e+00
   3.3733734e+00   1.0000000e+00   1.6693292e+00
   3.3783784e+00   1.0000000e+00   1.6796870e+00
   3.3833834e+00   1.0000000e+00   1.6895442e+00
   3.3883884e+00   1.0000000e+00   1.6988786e+00
   3.3933934e+00   1.0000000e+00   1.7076696e+00
   3.3983984e+00   1.0000000e+00   1.7158979e+00
   3.4034034e+00   1.0000000e+00   1.7235458e+00
   3.4084084e+00   1.0000000e+00   1.7305970e+00
   3.4134134e+00   1.0000000e+00   1.7370370e+00
   3.4184184e+00   1.0000000e+00   1.7428526e+00
   3.4234234e+00   1.0000000e+00   1.7480324e+00
   3.4284284e+00   1.0000000e+00   1.7525668e+00
   3.4334334e+00   1.0000000e+00   1.7564476e+00
   3.4384384e+00   1.0000000e+00   1.7596683e+00
   3.4434434e+00   1.0000000e+00   1.7622242e+00
   3.4484484e+00   1.0000000e+00   1.7641123e+00
   3.4534535e+00   1.0000000e+00   1.7653312e+00
   3.4584585e+00   1.0000000e+00   1.7658810e+00
   3.4634635e+00   1.0000000e+00   1.7657640e+00
   3.4684685e+00   1.0000000e+00   1.7649835e+00
   3.4734735e+00   1.0000000e+00   1.7635450e+00
   3.4784785e+00   1.0000000e+00   1.7614553e+00
   3.4834835e+00   1.0000000e+00   1.7587228e+00
   3.4884885e+00   1.0000000e+00   1.7553576e+00
   3.4934935e+00   1.0000000e+00   1.7513713e+00
   3.4984985e+00   1.0000000e+00   1.7467769e+00
   3.5035035e+00   1.0000000e+00   1.7415889e+00
   3.5085085e+00   1.0000000e+00   1.7358233e+00
   3.5135135e+00   1.0000000e+00   1.7294973e+00
   3.5185185e+00   1.0000000e+00   1.7226295e+00
   3.5235235e+00   1.0000000e+00   1.7152399e+00
   3.5285285e+00   1.0000000e+00   1.7073495e+00
   3.5335335e+00   1.0000000e+00   1.6989804e+00
   3.5385385e+00   1.0000000e+00   1.6901560e+00
   3.5435435e+00   1.0000000e+00   1.6809007e+00
   3.5485485e+00   1.0000000e+00   1.6712396e+00
   3.5535536e+00   1.0000000e+00   1.6611989e+00
   3.5585586e+00   1.0000000e+00   1.6508057e+00
   3.5635636e+00   1.0000000e+00   1.6400876e+00
   3.5685686e+00   1.0000000e+00   1.6290730e+00
   3.5735736e+00   1.0000000e+00   1.6177910e+00
   3.5785786e+00   1.0000000e+00   1.6062710e+00
   3.5835836e+00   1.0000000e+00   1.5945431e+00
   3.5885886e+00   1.0000000e+00   1.5826375e+00
   3.5935936e+00   1.0000000e+00   1.5705849e+00
   3.5985986e+00   1.0000000e+00   1.5584161e+00
   3.6036036e+00   1.0000000e+00   1.5461622e+00
   3.6086086e+00   1.0000000e+00   1.5338541e+00
   3.6136136e+00   1.0000000e+00   1.5215229e+00
   3.6186186e+00   1.0000000e+00   1.5091995e+00
   3.6236236e+00   1.0000000e+00   1.4969146e+00
   3.6286286e+00   1.0000000e+00   1.4846987e+00
   3.6336336e+00   1.0000000e+00   1.4725821e+00
   3.6386386e+00   1.0000000e+00   1.4605945e+00
   3.6436436e+00   1.0000000e+00   1.4487651e+00
   3.6486486e+00   1.0000000e+00   1.4371229e+00
   3.6536537e+00   1.0000000e+00   1.4256958e+00
   3.6586587e+00   1.0000000e+00   1.4145114e+00
   3.6636637e+00   1.0000000e+00   1.4035964e+00
   3.6686687e+00   1.0000000e+00   1.3929767e+00
   3.6736737e+00   1.0000000e+00   1.3826774e+00
   3.6786787e+00   1.0000000e+00   1.3727227e+00
   3.6836837e+00   1.0000000e+00   1.3631356e+00
   3.6886887e+00   1.0000000e+00   1.3539383e+00
   3.6936937e+00   1.0000000e+00   1.3451518e+00
   3.6986987e+00   1.0000000e+00   1.3367960e+00
   3.7037037e+00   1.0000000e+00   1.3288896e+00
   3.7087087e+00   1.0000000e+00   1.3214502e+00
   3.7137137e+00   1.0000000e+00   1.3144940e+00
   3.7187187e+00   1.0000000e+00   1.3080360e+00
   3.7237237e+00   1.0000000e+00   1.3020898e+00
   3.7287287e+00   1.0000000e+00   1.2966677e+00
   3.7337337e+00   1.0000000e+00   1.2917806e+00
   3.7387387e+00   1.0000000e+00   1.2874381e+00
   3.7437437e+00   1.0000000e+00   1.2836483e+00
   3.7487487e+00   1.0000000e+00   1.2804179e+00
   3.7537538e+00   1.0000000e+00   1.2777522e+00
   3.7587588e+00   1.0000000e+00   1.2756551e+00
   3.7637638e+00   1.0000000e+00   1.2741289e+00
   3.7687688e+00   1.0000000e+00   1.2731746e+00
   3.7737738e+00   1.0000000e+00   1.2727917e+00
   3.7787788e+00   1.0000000e+00   1.2729783e+00
   3.7837838e+00   1.0000000e+00   1.2737312e+00
   3.7887888e+00   1.0000000e+00   1.2750456e+00
   3.7937938e+00   1.0000000e+00   1.2769154e+00
   3.7987988e+00   1.0000000e+00   1.2793331e+00
   3.8038038e+00   1.0000000e+00   1.2822901e+00
   3.8088088e+00   1.0000000e+00   1.2857762e+00
   3.8138138e+00   1.0000000e+00   1.2897801e+00
   3.8188188e+00   1.0000000e+00   1.2942892e+00
   3.8238238e+00   1.0000000e+00   1.2992897e+00
   3.8288288e+00   1.0000000e+00   1.3047666e+00
   3.8338338e+00   1.0000000e+00   1.3107039e+00
   3.8388388e+00   1.0000000e+00   1.3170845e+00
   3.8438438e+00   1.0000000e+00   1.3238902e+00
   3.8488488e+00   1.0000000e+00   1.3311019e+00
   3.8538539e+00   1.0000000e+00   1.3386995e+00
   3.8588589e+00   1.0000000e+00   1.3466622e+00
   3.8638639e+00   1.0000000e+00   1.3549682e+00
   3.8688689e+00   1.0000000e+00   1.3635950e+00
   3.8738739e+00   1.0000000e+00   1.3725195e+00
   3.8788789e+00   1.0000000e+00   1.3817180e+00
   3.8838839e+00   1.0000000e+00   1.3911660e+00
   3.8888889e+00   1.0000000e+00   1.4008387e+00
   3.8938939e+00   1.0000000e+00   1.4107109e+00
   3.8988989e+00   1.0000000e+00   1.4207569e+00
   3.9039039e+00   1.0000000e+00   1.4309507e+00
   3.9089089e+00   1.0000000e+00   1.4412660e+00
   3.9139139e+00   1.0000000e+00   1.4516767e+00
   3.9189189e+00   1.0000000e+00   1.4621560e+00
   3.9239239e+00   1.0000000e+00   1.4726776e+00
   3.9289289e+00   1.0000000e+00   1.4832149e+00
   3.9339339e+00   1.0000000e+00   1.4937416e+00
   3.9389389e+00   1.0000000e+00   1.5042313e+00
   3.9439439e+00   1.0000000e+00   1.5146581e+00
   3.9489489e+00   1.0000000e+00   1.5249962e+00
   3.9539540e+00   1.0000000e+00   1.5352202e+00
   3.9589590e+00   1.0000000e+00   1.5453052e+00
   3.9639640e+00   1.0000000e+00   1.5552267e+00
   3.9689690e+00   1.0000000e+00   1.5649607e+00
   3.9739740e+00   1.0000000e+00   1.5744838e+00
   3.9789790e+00   1.0000000e+00   1.5837733e+00
   3.9839840e+00   1.0000000e+00   1.5928071e+00
   3.9889890e+00   1.0000000e+00   1.6015639e+00
   3.9939940e+00   1.0000000e+00   1.6100233e+00
   3.9989990e+00   1.0000000e+00   1.6181657e+00
   4.0040040e+00   1.0000000e+00   1.6259721e+00
   4.0090090e+00   1.0000000e+00   1.6334249e+00
   4.0140140e+00   1.0000000e+00   1.6405071e+00
   4.0190190e+00   1.0000000e+00   1.6472030e+00
   4.0240240e+00   1.0000000e+00   1.6534977e+00
   4.0290290e+00   1.0000000e+00   1.6593775e+00
   4.0340340e+00   1.0000000e+00   1.6648298e+00
   4.0390390e+00   1.0000000e+00   1.6698430e+00
   4.0440440e+00   1.0000000e+00   1.6744070e+00
   4.0490490e+00   1.0000000e+00   1.6785124e+00
   4.0540541e+00   1.0000000e+00   1.6821514e+00
   4.0590591e+00   1.0000000e+00   1.6853172e+00
   4.0640641e+00   1.0000000e+00   1.6880042e+00
   4.0690691e+00   1.0000000e+00   1.6902081e+00
   4.0740741e+00   1.0000000e+00   1.6919258e+00
   4.0790791e+00   1.0000000e+00   1.6931554e+00
   4.0840841e+00   1.0000000e+00   1.6938964e+00
   4.0890891e+00   1.0000000e+00   1.6941493e+00
   4.0940941e+00   1.0000000e+00   1.6939159e+00
   4.0990991e+00   1.0000000e+00   1.6931992e+00
   4.1041041e+00   1.0000000e+00   1.6920034e+00
   4.1091091e+00   1.0000000e+00   1.6903339e+00
   4.1141141e+00   1.0000000e+00   1.6881973e+00
   4.1191191e+00   1.0000000e+00   1.6856012e+00
   4.1241241e+00   1.0000000e+00   1.6825544e+00
   4.1291291e+00   1.0000000e+00   1.6790667e+00
   4.1341341e+00   1.0000000e+00   1.6751490e+00
   4.1391391e+00   1.0000000e+00   1.6708134e+00
   4.1441441e+00   1.0000000e+00   1.6660727e+00
   4.1491491e+00   1.0000000e+00   1.6609408e+00
   4.1541542e+00   1.0000000e+00   1.6554324e+00
   4.1591592e+00   1.0000000e+00   1.6495632e+00
   4.1641642e+00   1.0000000e+00   1.6433497e+00
   4.1691692e+00   1.0000000e+00   1.6368091e+00
   4.1741742e+00   1.0000000e+00   1.6299593e+00
   4.1791792e+00   1.0000000e+00   1.6228191e+00
   4.1841842e+00   1.0000000e+00   1.6154077e+00
   4.1891892e+00   1.0000000e+00   1.6077450e+00
   4.1941942e+00   1.0000000e+00   1.5998514e+00
   4.1991992e+00   1.0000000e+00   1.5917477e+00
   4.2042042e+00   1.0000000e+00   1.5834553e+00
   4.2092092e+00   1.0000000e+00   1.5749957e+00
   4.2142142e+00   1.0000000e+00   1.5663911e+00
   4.2192192e+00   1.0000000e+00   1.5576636e+00
   4.2242242e+00   1.0000000e+00   1.5488356e+00
   4.2292292e+00   1.0000000e+00   1.5399296e+00
   4.2342342e+00   1.0000000e+00   1.5309684e+00
   4.2392392e+00   1.0000000e+00   1.5219745e+00
   4.2442442e+00   1.0000000e+00   1.5129706e+00
   4.2492492e+00   1.0000000e+00   1.5039793e+00
   4.2542543e+00   1.0000000e+00   1.4950230e+00
   4.2592593e+00   1.0000000e+00   1.4861237e+00
   4.2642643e+00   1.0000000e+00   1.4773036e+00
   4.2692693e+00   1.0000000e+00   1.4685842e+00
   4.2742743e+00   1.0000000e+00   1.4599869e+00
   4.2792793e+00   1.0000000e+00   1.4515324e+00
   4.2842843e+00   1.0000000e+00   1.4432412e+00
   4.2892893e+00   1.0000000e+00   1.4351332e+00
   4.2942943e+00   1.0000000e+00   1.4272277e+00
   4.2992993e+00   1.0000000e+00   1.4195435e+00
   4.3043043e+00   1.0000000e+00   1.4120987e+00
   4.3093093e+00   1.0000000e+00   1.4049106e+00
   4.3143143e+00   1.0000000e+00   1.3979960e+00
   4.3193193e+00   1.0000000e+00   1.3913707e+00
   4.3243243e+00   1.0000000e+00   1.3850498e+00
   4.3293293e+00   1.0000000e+00   1.3790477e+00
   4.3343343e+00   1.0000000e+00   1.3733778e+00
   4.3393393e+00   1.0000000e+00   1.3680525e+00
   4.3443443e+00   1.0000000e+00   1.3630833e+00
   4.3493493e+00   1.0000000e+00   1.3584811e+00
   4.3543544e+00   1.0000000e+00   1.3542554e+00
   4.3593594e+00   1.0000000e+00   1.3504149e+00
   4.3643644e+00   1.0000000e+00   1.3469672e+00
   4.3693694e+00   1.0000000e+00   1.3439191e+00
   4.3743744e+00   1.0000000e+00   1.3412761e+00
   4.3793794e+00   1.0000000e+00   1.3390428e+00
   4.3843844e+00   1.0000000e+00   1.3372228e+00
   4.3893894e+00   1.0000000e+00   1.3358185e+00
   4.3943944e+00   1.0000000e+00   1.3348315e+00
   4.3993994e+00   1.0000000e+00   1.3342619e+00
   4.4044044e+00   1.0000000e+00   1.3341093e+00
   4.4094094e+00   1.0000000e+00   1.3343718e+00
   4.4144144e+00   1.0000000e+00   1.3350469e+00
   4.4194194e+00   1.0000000e+00   1.3361306e+00
   4.4244244e+00   1.0000000e+00   1.3376183e+00
   4.4294294e+00   1.0000000e+00   1.3395043e+00
   4.4344344e+00   1.0000000e+00   1.3417818e+00
   4.4394394e+00   1.0000000e+00   1.3444431e+00
   4.4444444e+00   1.0000000e+00   1.3474799e+00
   4.4494494e+00   1.0000000e+00   1.3508824e+00
   4.4544545e+00   1.0000000e+00   1.3546406e+00
   4.4594595e+00   1.0000000e+00   1.3587431e+00
   4.4644645e+00   1.0000000e+00   1.3631780e+00
   4.4694695e+00   1.0000000e+00   1.3679326e+00
   4.4744745e+00   1.0000000e+00   1.3729934e+00
   4.4794795e+00   1.0000000e+00   1.3783462e+00
   4.4844845e+00   1.0000000e+00   1.3839762e+00
   4.4894895e+00   1.0000000e+00   1.3898679e+00
   4.4944945e+00   1.0000000e+00   1.3960054e+00
   4.4994995e+00   1.0000000e+00   1.4023720e+00
   4.5045045e+00   1.0000000e+00   1.4089508e+00
   4.5095095e+00   1.0000000e+00   1.4157241e+00
   4.5145145e+00   1.0000000e+00   1.4226742e+00
   4.5195195e+00   1.0000000e+00   1.4297828e+00
   4.5245245e+00   1.0000000e+00   1.4370313e+00
   4.5295295e+00   1.0000000e+00   1.4444009e+00
   4.5345345e+00   1.0000000e+00   1.4518726e+00
   4.5395395e+00   1.0000000e+00   1.4594273e+00
   4.5445445e+00   1.0000000e+00   1.4670456e+00
   4.5495495e+00   1.0000000e+00   1.4747082e+00
   4.5545546e+00   1.0000000e+00   1.4823957e+00
   4.5595596e+00   1.0000000e+00   1.4900888e+00
   4.5645646e+00   1.0000000e+00   1.4977683e+00
   4.5695696e+00   1.0000000e+00   1.5054150e+00
   4.5745746e+00   1.0000000e+00   1.5130100e+00
   4.5795796e+00   1.0000000e+00   1.5205346e+00
   4.5845846e+00   1.0000000e+00   1.5279703e+00
   4.5895896e+00   1.0000000e+00   1.5352990e+00
   4.5945946e+00   1.0000000e+00   1.5425029e+00
   4.5995996e+00   1.0000000e+00   1.5495647e+00
   4.6046046e+00   1.0000000e+00   1.5564674e+00
   4.6096096e+00   1.0000000e+00   1.5631946e+00
   4.6146146e+00   1.0000000e+00   1.5697304e+00
   4.6196196e+00   1.0000000e+00   1.5760593e+00
   4.6246246e+00   1.0000000e+00   1.5821665e+00
   4.6296296e+00   1.0000000e+00   1.5880381e+00
   4.6346346e+00   1.0000000e+00   1.5936603e+00
   4.6396396e+00   1.0000000e+00   1.5990205e+00
   4.6446446e+00   1.0000000e+00   1.6041066e+00
   4.6496496e+00   1.0000000e+00   1.6089072e+00
   4.6546547e+00   1.0000000e+00   1.6134118e+00
   4.6596597e+00   1.0000000e+00   1.6176105e+00
   4.6646647e+00   1.0000000e+00   1.6214945e+00
   4.6696697e+00   1.0000000e+00   1.6250555e+00
   4.6746747e+00   1.0000000e+00   1.6282864e+00
   4.6796797e+00   1.0000000e+00   1.6311806e+00
   4.6846847e+00   1.0000000e+00   1.6337327e+00
   4.6896897e+00   1.0000000e+00   1.6359379e+00
   4.6946947e+00   1.0000000e+00   1.6377926e+00
   4.6996997e+00   1.0000000e+00   1.6392937e+00
   4.7047047e+00   1.0000000e+00   1.6404393e+00
   4.7097097e+00   1.0000000e+00   1.6412284e+00
   4.7147147e+00   1.0000000e+00   1.6416607e+00
   4.7197197e+00   1.0000000e+00   1.6417370e+00
   4.7247247e+00   1.0000000e+00   1.6414588e+00
   4.7297297e+00   1.0000000e+00   1.6408285e+00
   4.7347347e+00   1.0000000e+00   1.6398496e+00
   4.7397397e+00   1.0000000e+00   1.6385262e+00
   4.7447447e+00   1.0000000e+00   1.6368634e+00
   4.7497497e+00   1.0000000e+00   1.6348669e+00
   4.7547548e+00   1.0000000e+00   1.6325435e+00
   4.7597598e+00   1.0000000e+00   1.6299005e+00
   4.7647648e+00   1.0000000e+00   1.6269463e+00
   4.7697698e+00   1.0000000e+00   1.6236896e+00
   4.7747748e+00   1.0000000e+00   1.6201402e+00
   4.7797798e+00   1.0000000e+00   1.6163083e+00
   4.7847848e+00   1.0000000e+00   1.6122051e+00
   4.7897898e+00   1.0000000e+00   1.6078420e+00
   4.7947948e+00   1.0000000e+00   1.6032313e+00
   4.7997998e+00   1.0000000e+00   1.5983857e+00
   4.8048048e+00   1.0000000e+00   1.5933185e+00
   4.8098098e+00   1.0000000e+00   1.5880434e+00
   4.8148148e+00   1.0000000e+00   1.5825748e+00
   4.8198198e+00   1.0000000e+00   1.5769271e+00
   4.8248248e+00   1.0000000e+00   1.5711155e+00
   4.8298298e+00   1.0000000e+00   1.5651552e+00
   4.8348348e+00   1.0000000e+00   1.5590620e+00
   4.8398398e+00   1.0000000e+00   1.5528515e+00
   4.8448448e+00   1.0000000e+00   1.5465401e+00
   4.8498498e+00   1.0000000e+00   1.5401439e+00
   4.8548549e+00   1.0000000e+00   1.5336793e+00
   4.8598599e+00   1.0000000e+00   1.5271629e+00
   4.8648649e+00   1.0000000e+00   1.5206111e+00
   4.8698699e+00   1.0000000e+00   1.5140406e+00
   4.8748749e+00   1.0000000e+00   1.5074678e+00
   4.8798799e+00   1.0000000e+00   1.5009092e+00
   4.8848849e+00   1.0000000e+00   1.4943810e+00
   4.8898899e+00   1.0000000e+00   1.4878994e+00
   4.8948949e+00   1.0000000e+00   1.4814805e+00
   4.8998999e+00   1.0000000e+00   1.4751398e+00
   4.9049049e+00   1.0000000e+00   1.4688930e+00
   4.9099099e+00   1.0000000e+00   1.4627550e+00
   4.9149149e+00   1.0000000e+00   1.4567407e+00
   4.9199199e+00   1.0000000e+00   1.4508645e+00
   4.9249249e+00   1.0000000e+00   1.4451404e+00
   4.9299299e+00   1.0000000e+00   1.4395819e+00
   4.9349349e+00   1.0000000e+00   1.4342021e+00
   4.9399399e+00   1.0000000e+00   1.4290136e+00
   4.9449449e+00   1.0000000e+00   1.4240283e+00
   4.9499499e+00   1.0000000e+00   1.4192577e+00
   4.9549550e+00   1.0000000e+00   1.4147126e+00
   4.9599600e+00   1.0000000e+00   1.4104032e+00
   4.9649650e+00   1.0000000e+00   1.4063392e+00
   4.9699700e+00   1.0000000e+00   1.4025295e+00
   4.9749750e+00   1.0000000e+00   1.3989824e+00
   4.9799800e+00   1.0000000e+00   1.3957052e+00
   4.9849850e+00   1.0000000e+00   1.3927050e+00
   4.9899900e+00   1.0000000e+00   1.3899879e+00
   4.9949950e+00   1.0000000e+00   1.3875591e+00
   5.0000000e+00   1.0000000e+00   1.3854234e+00
