   0.0000000e+00   1.0000000e+00   0.0000000e+00
   1.0010010e-03   1.0000000e+00  -1.6874683e-04
   2.0020020e-03   1.0000000e+00  -6.7360144e-04
   3.0030030e-03   1.0000000e+00  -1.5124377e-03
   4.0040040e-03   1.0000000e+00  -2.6830673e-03
   5.0050050e-03   1.0000000e+00  -4.1832402e-03
   6.0060060e-03   1.0000000e+00  -6.0106460e-03
   7.0070070e-03   1.0000000e+00  -8.1629144e-03
   8.0080080e-03   1.0000000e+00  -1.0637616e-02
   9.0090090e-03   1.0000000e+00  -1.3432265e-02
   1.0010010e-02   1.0000000e+00  -1.6544316e-02
   1.1011011e-02   1.0000000e+00  -1.9971170e-02
   1.2012012e-02   1.0000000e+00  -2.3710171e-02
   1.3013013e-02   1.0000000e+00  -2.7758609e-02
   1.4014014e-02   1.0000000e+00  -3.2113723e-02
   1.5015015e-02   1.0000000e+00  -3.6772695e-02
   1.6016016e-02   1.0000000e+00  -4.1732661e-02
   1.7017017e-02   1.0000000e+00  -4.6990702e-02
   1.8018018e-02   1.0000000e+00  -5.2543852e-02
   1.9019019e-02   1.0000000e+00  -5.8389096e-02
   2.0020020e-02   1.0000000e+00  -6.4523370e-02
   2.1021021e-02   1.0000000e+00  -7.0943566e-02
   2.2022022e-02   1.0000000e+00  -7.7646527e-02
   2.3023023e-02   1.0000000e+00  -8.4629054e-02
   2.4024024e-02   1.0000000e+00  -9.1887904e-02
   2.5025025e-02   1.0000000e+00  -9.9419791e-02
   2.6026026e-02   1.0000000e+00  -1.0722139e-01
   2.7027027e-02   1.0000000e+00  -1.1528932e-01
   2.8028028e-02   1.0000000e+00  -1.2362019e-01
   2.9029029e-02   1.0000000e+00  -1.3221054e-01
   3.0030030e-02   1.0000000e+00  -1.4105689e-01
   3.1031031e-02   1.0000000e+00  -1.5015572e-01
   3.2032032e-02   1.0000000e+00  -1.5950347e-01
   3.3033033e-02   1.0000000e+00  -1.6909655e-01
   3.4034034e-02   1.0000000e+00  -1.7893134e-01
   3.5035035e-02   1.0000000e+00  -1.8900417e-01
   3.6036036e-02   1.0000000e+00  -1.9931136e-01
   3.7037037e-02   1.0000000e+00  -2.0984919e-01
   3.8038038e-02   1.0000000e+00  -2.2061391e-01
   3.9039039e-02   1.0000000e+00  -2.3160173e-01
   4.0040040e-02   1.0000000e+00  -2.4280886e-01
   4.1041041e-02   1.0000000e+00  -2.5423146e-01
   4.2042042e-02   1.0000000e+00  -2.6586568e-01
   4.3043043e-02   1.0000000e+00  -2.7770762e-01
   4.4044044e-02   1.0000000e+00  -2.8975339e-01
   4.5045045e-02   1.0000000e+00  -3.0199906e-01
   4.6046046e-02   1.0000000e+00  -3.1444068e-01
   4.7047047e-02   1.0000000e+00  -3.2707428e-01
   4.8048048e-02   1.0000000e+00  -3.3989586e-01
   4.9049049e-02   1.0000000e+00  -3.5290143e-01
   5.0050050e-02   1.0000000e+00  -3.6608695e-01
   5.1051051e-02   1.0000000e+00  -3.7944839e-01
   5.2052052e-02   1.0000000e+00  -3.9298169e-01
   5.3053053e-02   1.0000000e+00  -4.0668278e-01
   5.4054054e-02   1.0000000e+00  -4.2054757e-01
   5.5055055e-02   1.0000000e+00  -4.3457197e-01
   5.6056056e-02   1.0000000e+00  -4.4875186e-01
   5.7057057e-02   1.0000000e+00  -4.6308314e-01
   5.8058058e-02   1.0000000e+00  -4.7756167e-01
   5.9059059e-02   1.0000000e+00  -4.9218332e-01
   6.0060060e-02   1.0000000e+00  -5.0694394e-01
   6.1061061e-02   1.0000000e+00  -5.2183938e-01
   6.2062062e-02   1.0000000e+00  -5.3686549e-01
   6.3063063e-02   1.0000000e+00  -5.5201811e-01
   6.4064064e-02   1.0000000e+00  -5.6729307e-01
   6.5065065e-02   1.0000000e+00  -5.8268621e-01
   6.6066066e-02   1.0000000e+00  -5.9819337e-01
   6.7067067e-02   1.0000000e+00  -6.1381036e-01
   6.8068068e-02   1.0000000e+00  -6.2953303e-01
   6.9069069e-02   1.0000000e+00  -6.4535721e-01
   7.0070070e-02   1.0000000e+00  -6.6127874e-01
   7.1071071e-02   1.0000000e+00  -6.7729344e-01
   7.2072072e-02   1.0000000e+00  -6.9339717e-01
   7.3073073e-02   1.0000000e+00  -7.0958577e-01
   7.4074074e-02   1.0000000e+00  -7.2585509e-01
   7.5075075e-02   1.0000000e+00  -7.4220100e-01
   7.6076076e-02   1.0000000e+00  -7.5861936e-01
   7.7077077e-02   1.0000000e+00  -7.7510605e-01
   7.8078078e-02   1.0000000e+00  -7.9165695e-01
   7.9079079e-02   1.0000000e+00  -8.0826796e-01
   8.0080080e-02   1.0000000e+00  -8.2493498e-01
   8.1081081e-02   1.0000000e+00  -8.4165394e-01
   8.2082082e-02   1.0000000e+00  -8.5842076e-01
   8.3083083e-02   1.0000000e+00  -8.7523139e-01
   8.4084084e-02   1.0000000e+00  -8.9208178e-01
   8.5085085e-02   1.0000000e+00  -9.0896792e-01
   8.6086086e-02   1.0000000e+00  -9.2588579e-01
   8.7087087e-02   1.0000000e+00  -9.4283140e-01
   8.8088088e-02   1.0000000e+00  -9.5980077e-01
   8.9089089e-02   1.0000000e+00  -9.7678996e-01
   9.0090090e-02   1.0000000e+00  -9.9379501e-01
   9.1091091e-02   1.0000000e+00  -1.0108120e+00
   9.2092092e-02   1.0000000e+00  -1.0278371e+00
   9.3093093e-02   1.0000000e+00  -1.0448663e+00
   9.4094094e-02   1.0000000e+00  -1.0618959e+00
   9.5095095e-02   1.0000000e+00  -1.0789220e+00
   9.6096096e-02   1.0000000e+00  -1.0959408e+00
   9.7097097e-02   1.0000000e+00  -1.1129484e+00
   9.8098098e-02   1.0000000e+00  -1.1299413e+00
   9.9099099e-02   1.0000000e+00  -1.1469155e+00
   1.0010010e-01   1.0000000e+00  -1.1638675e+00
   1.0110110e-01   1.0000000e+00  -1.1807935e+00
   1.0210210e-01   1.0000000e+00  -1.1976900e+00
   1.0310310e-01   1.0000000e+00  -1.2145532e+00
   1.0410410e-01   1.0000000e+00  -1.2313796e+00
   1.0510511e-01   1.0000000e+00  -1.2481656e+00
   1.0610611e-01   1.0000000e+00  -1.2649076e+00
   1.0710711e-01   1.0000000e+00  -1.2816023e+00
   1.0810811e-01   1.0000000e+00  -1.2982461e+00
   1.0910911e-01   1.0000000e+00  -1.3148356e+00
   1.1011011e-01   1.0000000e+00  -1.3313674e+00
   1.1111111e-01   1.0000000e+00  -1.3478381e+00
   1.1211211e-01   1.0000000e+00  -1.3642443e+00
   1.1311311e-01   1.0000000e+00  -1.3805829e+00
   1.1411411e-01   1.0000000e+00  -1.3968504e+00
   1.1511512e-01   1.0000000e+00  -1.4130437e+00
   1.1611612e-01   1.0000000e+00  -1.4291596e+00
   1.1711712e-01   1.0000000e+00  -1.4451949e+00
   1.1811812e-01   1.0000000e+00  -1.4611465e+00
   1.1911912e-01   1.0000000e+00  -1.4770114e+00
   1.2012012e-01   1.0000000e+00  -1.4927864e+00
   1.2112112e-01   1.0000000e+00  -1.5084685e+00
   1.2212212e-01   1.0000000e+00  -1.5240549e+00
   1.2312312e-01   1.0000000e+00  -1.5395425e+00
   1.2412412e-01   1.0000000e+00  -1.5549285e+00
   1.2512513e-01   1.0000000e+00  -1.5702100e+00
   1.2612613e-01   1.0000000e+00  -1.5853842e+00
   1.2712713e-01   1.0000000e+00  -1.6004483e+00
   1.2812813e-01   1.0000000e+00  -1.6153997e+00
   1.2912913e-01   1.0000000e+00  -1.6302356e+00
   1.3013013e-01   1.0000000e+00  -1.6449534e+00
   1.3113113e-01   1.0000000e+00  -1.6595505e+00
   1.3213213e-01   1.0000000e+00  -1.6740243e+00
   1.3313313e-01   1.0000000e+00  -1.6883724e+00
   1.3413413e-01   1.0000000e+00  -1.7025922e+00
   1.3513514e-01   1.0000000e+00  -1.7166812e+00
   1.3613614e-01   1.0000000e+00  -1.7306373e+00
   1.3713714e-01   1.0000000e+00  -1.7444579e+00
   1.3813814e-01   1.0000000e+00  -1.7581408e+00
   1.3913914e-01   1.0000000e+00  -1.7716837e+00
   1.4014014e-01   1.0000000e+00  -1.7850845e+00
   1.4114114e-01   1.0000000e+00  -1.7983410e+00
   1.4214214e-01   1.0000000e+00  -1.8114510e+00
   1.4314314e-01   1.0000000e+00  -1.8244126e+00
   1.4414414e-01   1.0000000e+00  -1.8372236e+00
   1.4514515e-01   1.0000000e+00  -1.8498820e+00
   1.4614615e-01   1.0000000e+00  -1.8623861e+00
   1.4714715e-01   1.0000000e+00  -1.8747338e+00
   1.4814815e-01   1.0000000e+00  -1.8869233e+00
   1.4914915e-01   1.0000000e+00  -1.8989529e+00
   1.5015015e-01   1.0000000e+00  -1.9108208e+00
   1.5115115e-01   1.0000000e+00  -1.9225253e+00
   1.5215215e-01   1.0000000e+00  -1.9340647e+00
   1.5315315e-01   1.0000000e+00  -1.9454374e+00
   1.5415415e-01   1.0000000e+00  -1.9566420e+00
   1.5515516e-01   1.0000000e+00  -1.9676768e+00
   1.5615616e-01   1.0000000e+00  -1.9785404e+00
   1.5715716e-01   1.0000000e+00  -1.9892313e+00
   1.5815816e-01   1.0000000e+00  -1.9997483e+00
   1.5915916e-01   1.0000000e+00  -2.0100900e+00
   1.6016016e-01   1.0000000e+00  -2.0202552e+00
   1.6116116e-01   1.0000000e+00  -2.0302425e+00
   1.6216216e-01   1.0000000e+00  -2.0400508e+00
   1.6316316e-01   1.0000000e+00  -2.0496790e+00
   1.6416416e-01   1.0000000e+00  -2.0591260e+00
   1.6516517e-01   1.0000000e+00  -2.0683908e+00
   1.6616617e-01   1.0000000e+00  -2.0774723e+00
   1.6716717e-01   1.0000000e+00  -2.0863696e+00
   1.6816817e-01   1.0000000e+00  -2.0950819e+00
   1.6916917e-01   1.0000000e+00  -2.1036082e+00
   1.7017017e-01   1.0000000e+00  -2.1119479e+00
   1.7117117e-01   1.0000000e+00  -2.1201000e+00
   1.7217217e-01   1.0000000e+00  -2.1280639e+00
   1.7317317e-01   1.0000000e+00  -2.1358390e+00
   1.7417417e-01   1.0000000e+00  -2.1434246e+00
   1.7517518e-01   1.0000000e+00  -2.1508201e+00
   1.7617618e-01   1.0000000e+00  -2.1580251e+00
   1.7717718e-01   1.0000000e+00  -2.1650390e+00
   1.7817818e-01   1.0000000e+00  -2.1718615e+00
   1.7917918e-01   1.0000000e+00  -2.1784921e+00
   1.8018018e-01   1.0000000e+00  -2.1849305e+00
   1.8118118e-01   1.0000000e+00  -2.1911763e+00
   1.8218218e-01   1.0000000e+00  -2.1972294e+00
   1.8318318e-01   1.0000000e+00  -2.2030896e+00
   1.8418418e-01   1.0000000e+00  -2.2087566e+00
   1.8518519e-01   1.0000000e+00  -2.2142304e+00
   1.8618619e-01   1.0000000e+00  -2.2195109e+00
   1.8718719e-01   1.0000000e+00  -2.2245980e+00
   1.8818819e-01   1.0000000e+00  -2.2294918e+00
   1.8918919e-01   1.0000000e+00  -2.2341923e+00
   1.9019019e-01   1.0000000e+00  -2.2386997e+00
   1.9119119e-01   1.0000000e+00  -2.2430140e+00
   1.9219219e-01   1.0000000e+00  -2.2471355e+00
   1.9319319e-01   1.0000000e+00  -2.2510643e+00
   1.9419419e-01   1.0000000e+00  -2.2548008e+00
   1.9519520e-01   1.0000000e+00  -2.2583453e+00
   1.9619620e-01   1.0000000e+00  -2.2616981e+00
   1.9719720e-01   1.0000000e+00  -2.2648597e+00
   1.9819820e-01   1.0000000e+00  -2.2678304e+00
   1.9919920e-01   1.0000000e+00  -2.2706107e+00
   2.0020020e-01   1.0000000e+00  -2.2732011e+00
   2.0120120e-01   1.0000000e+00  -2.2756022e+00
   2.0220220e-01   1.0000000e+00  -2.2778147e+00
   2.0320320e-01   1.0000000e+00  -2.2798390e+00
   2.0420420e-01   1.0000000e+00  -2.2816760e+00
   2.0520521e-01   1.0000000e+00  -2.2833262e+00
   2.0620621e-01   1.0000000e+00  -2.2847905e+00
   2.0720721e-01   1.0000000e+00  -2.2860696e+00
   2.0820821e-01   1.0000000e+00  -2.2871644e+00
   2.0920921e-01   1.0000000e+00  -2.2880757e+00
   2.1021021e-01   1.0000000e+00  -2.2888044e+00
   2.1121121e-01   1.0000000e+00  -2.2893515e+00
   2.1221221e-01   1.0000000e+00  -2.2897178e+00
   2.1321321e-01   1.0000000e+00  -2.2899045e+00
   2.1421421e-01   1.0000000e+00  -2.2899124e+00
   2.1521522e-01   1.0000000e+00  -2.2897428e+00
   2.1621622e-01   1.0000000e+00  -2.2893967e+00
   2.1721722e-01   1.0000000e+00  -2.2888752e+00
   2.1821822e-01   1.0000000e+00  -2.2881796e+00
   2.1921922e-01   1.0000000e+00  -2.2873109e+00
   2.2022022e-01   1.0000000e+00  -2.2862705e+00
   2.2122122e-01   1.0000000e+00  -2.2850596e+00
   2.2222222e-01   1.0000000e+00  -2.2836794e+00
   2.2322322e-01   1.0000000e+00  -2.2821314e+00
   2.2422422e-01   1.0000000e+00  -2.2804169e+00
   2.2522523e-01   1.0000000e+00  -2.2785372e+00
   2.2622623e-01   1.0000000e+00  -2.2764937e+00
   2.2722723e-01   1.0000000e+00  -2.2742880e+00
   2.2822823e-01   1.0000000e+00  -2.2719214e+00
   2.2922923e-01   1.0000000e+00  -2.2693956e+00
   2.3023023e-01   1.0000000e+00  -2.2667118e+00
   2.3123123e-01   1.0000000e+00  -2.2638719e+00
   2.3223223e-01   1.0000000e+00  -2.2608772e+00
   2.3323323e-01   1.0000000e+00  -2.2577295e+00
   2.3423423e-01   1.0000000e+00  -2.2544302e+00
   2.3523524e-01   1.0000000e+00  -2.2509812e+00
   2.3623624e-01   1.0000000e+00  -2.2473840e+00
   2.3723724e-01   1.0000000e+00  -2.2436404e+00
   2.3823824e-01   1.0000000e+00  -2.2397520e+00
   2.3923924e-01   1.0000000e+00  -2.2357207e+00
   2.4024024e-01   1.0000000e+00  -2.2315481e+00
   2.4124124e-01   1.0000000e+00  -2.2272361e+00
   2.4224224e-01   1.0000000e+00  -2.2227864e+00
   2.4324324e-01   1.0000000e+00  -2.2182009e+00
   2.4424424e-01   1.0000000e+00  -2.2134814e+00
   2.4524525e-01   1.0000000e+00  -2.2086299e+00
   2.4624625e-01   1.0000000e+00  -2.2036481e+00
   2.4724725e-01   1.0000000e+00  -2.1985380e+00
   2.4824825e-01   1.0000000e+00  -2.1933014e+00
   2.4924925e-01   1.0000000e+00  -2.1879404e+00
   2.5025025e-01   1.0000000e+00  -2.1824569e+00
   2.5125125e-01   1.0000000e+00  -2.1768528e+00
   2.5225225e-01   1.0000000e+00  -2.1711301e+00
   2.5325325e-01   1.0000000e+00  -2.1652908e+00
   2.5425425e-01   1.0000000e+00  -2.1593370e+00
   2.5525526e-01   1.0000000e+00  -2.1532706e+00
   2.5625626e-01   1.0000000e+00  -2.1470937e+00
   2.5725726e-01   1.0000000e+00  -2.1408083e+00
   2.5825826e-01   1.0000000e+00  -2.1344166e+00
   2.5925926e-01   1.0000000e+00  -2.1279205e+00
   2.6026026e-01   1.0000000e+00  -2.1213222e+00
   2.6126126e-01   1.0000000e+00  -2.1146237e+00
   2.6226226e-01   1.0000000e+00  -2.1078272e+00
   2.6326326e-01   1.0000000e+00  -2.1009348e+00
   2.6426426e-01   1.0000000e+00  -2.0939486e+00
   2.6526527e-01   1.0000000e+00  -2.0868707e+00
   2.6626627e-01   1.0000000e+00  -2.0797033e+00
   2.6726727e-01   1.0000000e+00  -2.0724484e+00
   2.6826827e-01   1.0000000e+00  -2.0651084e+00
   2.6926927e-01   1.0000000e+00  -2.0576853e+00
   2.7027027e-01   1.0000000e+00  -2.0501813e+00
   2.7127127e-01   1.0000000e+00  -2.0425986e+00
   2.7227227e-01   1.0000000e+00  -2.0349393e+00
   2.7327327e-01   1.0000000e+00  -2.0272056e+00
   2.7427427e-01   1.0000000e+00  -2.0193998e+00
   2.7527528e-01   1.0000000e+00  -2.0115239e+00
   2.7627628e-01   1.0000000e+00  -2.0035802e+00
   2.7727728e-01   1.0000000e+00  -1.9955709e+00
   2.7827828e-01   1.0000000e+00  -1.9874982e+00
   2.7927928e-01   1.0000000e+00  -1.9793642e+00
   2.8028028e-01   1.0000000e+00  -1.9711712e+00
   2.8128128e-01   1.0000000e+00  -1.9629214e+00
   2.8228228e-01   1.0000000e+00  -1.9546169e+00
   2.8328328e-01   1.0000000e+00  -1.9462599e+00
   2.8428428e-01   1.0000000e+00  -1.9378527e+00
   2.8528529e-01   1.0000000e+00  -1.9293974e+00
   2.8628629e-01   1.0000000e+00  -1.9208962e+00
   2.8728729e-01   1.0000000e+00  -1.9123513e+00
   2.8828829e-01   1.0000000e+00  -1.9037649e+00
   2.8928929e-01   1.0000000e+00  -1.8951392e+00
   2.9029029e-01   1.0000000e+00  -1.8864763e+00
   2.9129129e-01   1.0000000e+00  -1.8777784e+00
   2.9229229e-01   1.0000000e+00  -1.8690477e+00
   2.9329329e-01   1.0000000e+00  -1.8602863e+00
   2.9429429e-01   1.0000000e+00  -1.8514963e+00
   2.9529530e-01   1.0000000e+00  -1.8426801e+00
   2.9629630e-01   1.0000000e+00  -1.8338395e+00
   2.9729730e-01   1.0000000e+00  -1.8249769e+00
   2.9829830e-01   1.0000000e+00  -1.8160943e+00
   2.9929930e-01   1.0000000e+00  -1.8071938e+00
   3.0030030e-01   1.0000000e+00  -1.7982776e+00
   3.0130130e-01   1.0000000e+00  -1.7893478e+00
   3.0230230e-01   1.0000000e+00  -1.7804063e+00
   3.0330330e-01   1.0000000e+00  -1.7714554e+00
   3.0430430e-01   1.0000000e+00  -1.7624971e+00
   3.0530531e-01   1.0000000e+00  -1.7535334e+00
   3.0630631e-01   1.0000000e+00  -1.7445664e+00
   3.0730731e-01   1.0000000e+00  -1.7355981e+00
   3.0830831e-01   1.0000000e+00  -1.7266306e+00
   3.0930931e-01   1.0000000e+00  -1.7176658e+00
   3.1031031e-01   1.0000000e+00  -1.7087058e+00
   3.1131131e-01   1.0000000e+00  -1.6997525e+00
   3.1231231e-01   1.0000000e+00  -1.6908079e+00
   3.1331331e-01   1.0000000e+00  -1.6818740e+00
   3.1431431e-01   1.0000000e+00  -1.6729528e+00
   3.1531532e-01   1.0000000e+00  -1.6640460e+00
   3.1631632e-01   1.0000000e+00  -1.6551557e+00
   3.1731732e-01   1.0000000e+00  -1.6462838e+00
   3.1831832e-01   1.0000000e+00  -1.6374322e+00
   3.1931932e-01   1.0000000e+00  -1.6286026e+00
   3.2032032e-01   1.0000000e+00  -1.6197970e+00
   3.2132132e-01   1.0000000e+00  -1.6110172e+00
   3.2232232e-01   1.0000000e+00  -1.6022651e+00
   3.2332332e-01   1.0000000e+00  -1.5935423e+00
   3.2432432e-01   1.0000000e+00  -1.5848508e+00
   3.2532533e-01   1.0000000e+00  -1.5761922e+00
   3.2632633e-01   1.0000000e+00  -1.5675684e+00
   3.2732733e-01   1.0000000e+00  -1.5589810e+00
   3.2832833e-01   1.0000000e+00  -1.5504318e+00
   3.2932933e-01   1.0000000e+00  -1.5419224e+00
   3.3033033e-01   1.0000000e+00  -1.5334546e+00
   3.3133133e-01   1.0000000e+00  -1.5250299e+00
   3.3233233e-01   1.0000000e+00  -1.5166501e+00
   3.3333333e-01   1.0000000e+00  -1.5083167e+00
   3.3433433e-01   1.0000000e+00  -1.5000313e+00
   3.3533534e-01   1.0000000e+00  -1.4917956e+00
   3.3633634e-01   1.0000000e+00  -1.4836110e+00
   3.3733734e-01   1.0000000e+00  -1.4754790e+00
   3.3833834e-01   1.0000000e+00  -1.4674013e+00
   3.3933934e-01   1.0000000e+00  -1.4593793e+00
   3.4034034e-01   1.0000000e+00  -1.4514145e+00
   3.4134134e-01   1.0000000e+00  -1.4435083e+00
   3.4234234e-01   1.0000000e+00  -1.4356621e+00
   3.4334334e-01   1.0000000e+00  -1.4278774e+00
   3.4434434e-01   1.0000000e+00  -1.4201554e+00
   3.4534535e-01   1.0000000e+00  -1.4124977e+00
   3.4634635e-01   1.0000000e+00  -1.4049055e+00
   3.4734735e-01   1.0000000e+00  -1.3973801e+00
   3.4834835e-01   1.0000000e+00  -1.3899229e+00
   3.4934935e-01   1.0000000e+00  -1.3825351e+00
   3.5035035e-01   1.0000000e+00  -1.3752179e+00
   3.5135135e-01   1.0000000e+00  -1.3679725e+00
   3.5235235e-01   1.0000000e+00  -1.3608002e+00
   3.5335335e-01   1.0000000e+00  -1.3537022e+00
   3.5435435e-01   1.0000000e+00  -1.3466795e+00
   3.5535536e-01   1.0000000e+00  -1.3397334e+00
   3.5635636e-01   1.0000000e+00  -1.3328649e+00
   3.5735736e-01   1.0000000e+00  -1.3260750e+00
   3.5835836e-01   1.0000000e+00  -1.3193650e+00
   3.5935936e-01   1.0000000e+00  -1.3127357e+00
   3.6036036e-01   1.0000000e+00  -1.3061881e+00
   3.6136136e-01   1.0000000e+00  -1.2997234e+00
   3.6236236e-01   1.0000000e+00  -1.2933424e+00
   3.6336336e-01   1.0000000e+00  -1.2870460e+00
   3.6436436e-01   1.0000000e+00  -1.2808353e+00
   3.6536537e-01   1.0000000e+00  -1.2747109e+00
   3.6636637e-01   1.0000000e+00  -1.2686739e+00
   3.6736737e-01   1.0000000e+00  -1.2627250e+00
   3.6836837e-01   1.0000000e+00  -1.2568651e+00
   3.6936937e-01   1.0000000e+00  -1.2510949e+00
   3.7037037e-01   1.0000000e+00  -1.2454152e+00
   3.7137137e-01   1.0000000e+00  -1.2398268e+00
   3.7237237e-01   1.0000000e+00  -1.2343303e+00
   3.7337337e-01   1.0000000e+00  -1.2289264e+00
   3.7437437e-01   1.0000000e+00  -1.2236158e+00
   3.7537538e-01   1.0000000e+00  -1.2183991e+00
   3.7637638e-01   1.0000000e+00  -1.2132770e+00
   3.7737738e-01   1.0000000e+00  -1.2082500e+00
   3.7837838e-01   1.0000000e+00  -1.2033186e+00
   3.7937938e-01   1.0000000e+00  -1.1984835e+00
   3.8038038e-01   1.0000000e+00  -1.1937451e+00
   3.8138138e-01   1.0000000e+00  -1.1891039e+00
   3.8238238e-01   1.0000000e+00  -1.1845604e+00
   3.8338338e-01   1.0000000e+00  -1.1801150e+00
   3.8438438e-01   1.0000000e+00  -1.1757681e+00
   3.8538539e-01   1.0000000e+00  -1.1715201e+00
   3.8638639e-01   1.0000000e+00  -1.1673714e+00
   3.8738739e-01   1.0000000e+00  -1.1633223e+00
   3.8838839e-01   1.0000000e+00  -1.1593731e+00
   3.8938939e-01   1.0000000e+00  -1.1555241e+00
   3.9039039e-01   1.0000000e+00  -1.1517756e+00
   3.9139139e-01   1.0000000e+00  -1.1481279e+00
   3.9239239e-01   1.0000000e+00  -1.1445810e+00
   3.9339339e-01   1.0000000e+00  -1.1411353e+00
   3.9439439e-01   1.0000000e+00  -1.1377909e+00
   3.9539540e-01   1.0000000e+00  -1.1345479e+00
   3.9639640e-01   1.0000000e+00  -1.1314064e+00
   3.9739740e-01   1.0000000e+00  -1.1283667e+00
   3.9839840e-01   1.0000000e+00  -1.1254287e+00
   3.9939940e-01   1.0000000e+00  -1.1225924e+00
   4.0040040e-01   1.0000000e+00  -1.1198580e+00
   4.0140140e-01   1.0000000e+00  -1.1172254e+00
   4.0240240e-01   1.0000000e+00  -1.1146946e+00
   4.0340340e-01   1.0000000e+00  -1.1122655e+00
   4.0440440e-01   1.0000000e+00  -1.1099382e+00
   4.0540541e-01   1.0000000e+00  -1.1077124e+00
   4.0640641e-01   1.0000000e+00  -1.1055882e+00
   4.0740741e-01   1.0000000e+00  -1.1035653e+00
   4.0840841e-01   1.0000000e+00  -1.1016436e+00
   4.0940941e-01   1.0000000e+00  -1.0998230e+00
   4.1041041e-01   1.0000000e+00  -1.0981033e+00
   4.1141141e-01   1.0000000e+00  -1.0964842e+00
   4.1241241e-01   1.0000000e+00  -1.0949654e+00
   4.1341341e-01   1.0000000e+00  -1.0935469e+00
   4.1441441e-01   1.0000000e+00  -1.0922281e+00
   4.1541542e-01   1.0000000e+00  -1.0910089e+00
   4.1641642e-01   1.0000000e+00  -1.0898890e+00
   4.1741742e-01   1.0000000e+00  -1.0888679e+00
   4.1841842e-01   1.0000000e+00  -1.0879453e+00
   4.1941942e-01   1.0000000e+00  -1.0871209e+00
   4.2042042e-01   1.0000000e+00  -1.0863943e+00
   4.2142142e-01   1.0000000e+00  -1.0857649e+00
   4.2242242e-01   1.0000000e+00  -1.0852325e+00
   4.2342342e-01   1.0000000e+00  -1.0847964e+00
   4.2442442e-01   1.0000000e+00  -1.0844563e+00
   4.2542543e-01   1.0000000e+00  -1.0842116e+00
   4.2642643e-01   1.0000000e+00  -1.0840619e+00
   4.2742743e-01   1.0000000e+00  -1.0840065e+00
   4.2842843e-01   1.0000000e+00  -1.0840450e+00
   4.2942943e-01   1.0000000e+00  -1.0841767e+00
   4.3043043e-01   1.0000000e+00  -1.0844011e+00
   4.3143143e-01   1.0000000e+00  -1.0847176e+00
   4.3243243e-01   1.0000000e+00  -1.0851255e+00
   4.3343343e-01   1.0000000e+00  -1.0856242e+00
   4.3443443e-01   1.0000000e+00  -1.0862131e+00
   4.3543544e-01   1.0000000e+00  -1.0868915e+00
   4.3643644e-01   1.0000000e+00  -1.0876586e+00
   4.3743744e-01   1.0000000e+00  -1.0885139e+00
   4.3843844e-01   1.0000000e+00  -1.0894565e+00
   4.3943944e-01   1.0000000e+00  -1.0904858e+00
   4.4044044e-01   1.0000000e+00  -1.0916009e+00
   4.4144144e-01   1.0000000e+00  -1.0928012e+00
   4.4244244e-01   1.0000000e+00  -1.0940857e+00
   4.4344344e-01   1.0000000e+00  -1.0954539e+00
   4.4444444e-01   1.0000000e+00  -1.0969048e+00
   4.4544545e-01   1.0000000e+00  -1.0984376e+00
   4.4644645e-01   1.0000000e+00  -1.1000514e+00
   4.4744745e-01   1.0000000e+00  -1.1017455e+00
   4.4844845e-01   1.0000000e+00  -1.1035190e+00
   4.4944945e-01   1.0000000e+00  -1.1053710e+00
   4.5045045e-01   1.0000000e+00  -1.1073006e+00
   4.5145145e-01   1.0000000e+00  -1.1093069e+00
   4.5245245e-01   1.0000000e+00  -1.1113890e+00
   4.5345345e-01   1.0000000e+00  -1.1135460e+00
   4.5445445e-01   1.0000000e+00  -1.1157769e+00
   4.5545546e-01   1.0000000e+00  -1.1180808e+00
   4.5645646e-01   1.0000000e+00  -1.1204568e+00
   4.5745746e-01   1.0000000e+00  -1.1229039e+00
   4.5845846e-01   1.0000000e+00  -1.1254211e+00
   4.5945946e-01   1.0000000e+00  -1.1280074e+00
   4.6046046e-01   1.0000000e+00  -1.1306618e+00
   4.6146146e-01   1.0000000e+00  -1.1333833e+00
   4.6246246e-01   1.0000000e+00  -1.1361710e+00
   4.6346346e-01   1.0000000e+00  -1.1390237e+00
   4.6446446e-01   1.0000000e+00  -1.1419405e+00
   4.6546547e-01   1.0000000e+00  -1.1449203e+00
   4.6646647e-01   1.0000000e+00  -1.1479621e+00
   4.6746747e-01   1.0000000e+00  -1.1510648e+00
   4.6846847e-01   1.0000000e+00  -1.1542273e+00
   4.6946947e-01   1.0000000e+00  -1.1574486e+00
   4.7047047e-01   1.0000000e+00  -1.1607277e+00
   4.7147147e-01   1.0000000e+00  -1.1640633e+00
   4.7247247e-01   1.0000000e+00  -1.1674545e+00
   4.7347347e-01   1.0000000e+00  -1.1709001e+00
   4.7447447e-01   1.0000000e+00  -1.1743991e+00
   4.7547548e-01   1.0000000e+00  -1.1779503e+00
   4.7647648e-01   1.0000000e+00  -1.1815526e+00
   4.7747748e-01   1.0000000e+00  -1.1852050e+00
   4.7847848e-01   1.0000000e+00  -1.1889062e+00
   4.7947948e-01   1.0000000e+00  -1.1926551e+00
   4.8048048e-01   1.0000000e+00  -1.1964508e+00
   4.8148148e-01   1.0000000e+00  -1.2002919e+00
   4.8248248e-01   1.0000000e+00  -1.2041774e+00
   4.8348348e-01   1.0000000e+00  -1.2081061e+00
   4.8448448e-01   1.0000000e+00  -1.2120768e+00
   4.8548549e-01   1.0000000e+00  -1.2160886e+00
   4.8648649e-01   1.0000000e+00  -1.2201401e+00
   4.8748749e-01   1.0000000e+00  -1.2242303e+00
   4.8848849e-01   1.0000000e+00  -1.2283579e+00
   4.8948949e-01   1.0000000e+00  -1.2325219e+00
   4.9049049e-01   1.0000000e+00  -1.2367211e+00
   4.9149149e-01   1.0000000e+00  -1.2409543e+00
   4.9249249e-01   1.0000000e+00  -1.2452204e+00
   4.9349349e-01   1.0000000e+00  -1.2495182e+00
   4.9449449e-01   1.0000000e+00  -1.2538466e+00
   4.9549550e-01   1.0000000e+00  -1.2582044e+00
   4.9649650e-01   1.0000000e+00  -1.2625905e+00
   4.9749750e-01   1.0000000e+00  -1.2670036e+00
   4.9849850e-01   1.0000000e+00  -1.2714427e+00
   4.9949950e-01   1.0000000e+00  -1.2759066e+00
   5.0050050e-01   1.0000000e+00  -1.2803941e+00
   5.0150150e-01   1.0000000e+00  -1.2849041e+00
   5.0250250e-01   1.0000000e+00  -1.2894355e+00
   5.0350350e-01   1.0000000e+00  -1.2939870e+00
   5.0450450e-01   1.0000000e+00  -1.2985576e+00
   5.0550551e-01   1.0000000e+00  -1.3031461e+00
   5.0650651e-01   1.0000000e+00  -1.3077514e+00
   5.0750751e-01   1.0000000e+00  -1.3123723e+00
   5.0850851e-01   1.0000000e+00  -1.3170077e+00
   5.0950951e-01   1.0000000e+00  -1.3216565e+00
   5.1051051e-01   1.0000000e+00  -1.3263176e+00
   5.1151151e-01   1.0000000e+00  -1.3309897e+00
   5.1251251e-01   1.0000000e+00  -1.3356719e+00
   5.1351351e-01   1.0000000e+00  -1.3403630e+00
   5.1451451e-01   1.0000000e+00  -1.3450619e+00
   5.1551552e-01   1.0000000e+00  -1.3497674e+00
   5.1651652e-01   1.0000000e+00  -1.3544786e+00
   5.1751752e-01   1.0000000e+00  -1.3591942e+00
   5.1851852e-01   1.0000000e+00  -1.3639133e+00
   5.1951952e-01   1.0000000e+00  -1.3686347e+00
   5.2052052e-01   1.0000000e+00  -1.3733573e+00
   5.2152152e-01   1.0000000e+00  -1.3780802e+00
   5.2252252e-01   1.0000000e+00  -1.3828021e+00
   5.2352352e-01   1.0000000e+00  -1.3875222e+00
   5.2452452e-01   1.0000000e+00  -1.3922392e+00
   5.2552553e-01   1.0000000e+00  -1.3969522e+00
   5.2652653e-01   1.0000000e+00  -1.4016602e+00
   5.2752753e-01   1.0000000e+00  -1.4063621e+00
   5.2852853e-01   1.0000000e+00  -1.4110568e+00
   5.2952953e-01   1.0000000e+00  -1.4157435e+00
   5.3053053e-01   1.0000000e+00  -1.4204210e+00
   5.3153153e-01   1.0000000e+00  -1.4250884e+00
   5.3253253e-01   1.0000000e+00  -1.4297447e+00
   5.3353353e-01   1.0000000e+00  -1.4343889e+00
   5.3453453e-01   1.0000000e+00  -1.4390200e+00
   5.3553554e-01   1.0000000e+00  -1.4436371e+00
   5.3653654e-01   1.0000000e+00  -1.4482392e+00
   5.3753754e-01   1.0000000e+00  -1.4528254e+00
   5.3853854e-01   1.0000000e+00  -1.4573948e+00
   5.3953954e-01   1.0000000e+00  -1.4619464e+00
   5.4054054e-01   1.0000000e+00  -1.4664792e+00
   5.4154154e-01   1.0000000e+00  -1.4709925e+00
   5.4254254e-01   1.0000000e+00  -1.4754852e+00
   5.4354354e-01   1.0000000e+00  -1.4799566e+00
   5.4454454e-01   1.0000000e+00  -1.4844057e+00
   5.4554555e-01   1.0000000e+00  -1.4888316e+00
   5.4654655e-01   1.0000000e+00  -1.4932336e+00
   5.4754755e-01   1.0000000e+00  -1.4976107e+00
   5.4854855e-01   1.0000000e+00  -1.5019622e+00
   5.4954955e-01   1.0000000e+00  -1.5062871e+00
   5.5055055e-01   1.0000000e+00  -1.5105847e+00
   5.5155155e-01   1.0000000e+00  -1.5148543e+00
   5.5255255e-01   1.0000000e+00  -1.5190949e+00
   5.5355355e-01   1.0000000e+00  -1.5233058e+00
   5.5455455e-01   1.0000000e+00  -1.5274863e+00
   5.5555556e-01   1.0000000e+00  -1.5316356e+00
   5.5655656e-01   1.0000000e+00  -1.5357529e+00
   5.5755756e-01   1.0000000e+00  -1.5398375e+00
   5.5855856e-01   1.0000000e+00  -1.5438887e+00
   5.5955956e-01   1.0000000e+00  -1.5479058e+00
   5.6056056e-01   1.0000000e+00  -1.5518881e+00
   5.6156156e-01   1.0000000e+00  -1.5558348e+00
   5.6256256e-01   1.0000000e+00  -1.5597454e+00
   5.6356356e-01   1.0000000e+00  -1.5636191e+00
   5.6456456e-01   1.0000000e+00  -1.5674554e+00
   5.6556557e-01   1.0000000e+00  -1.5712535e+00
   5.6656657e-01   1.0000000e+00  -1.5750128e+00
   5.6756757e-01   1.0000000e+00  -1.5787328e+00
   5.6856857e-01   1.0000000e+00  -1.5824128e+00
   5.6956957e-01   1.0000000e+00  -1.5860522e+00
   5.7057057e-01   1.0000000e+00  -1.5896505e+00
   5.7157157e-01   1.0000000e+00  -1.5932071e+00
   5.7257257e-01   1.0000000e+00  -1.5967215e+00
   5.7357357e-01   1.0000000e+00  -1.6001931e+00
   5.7457457e-01   1.0000000e+00  -1.6036213e+00
   5.7557558e-01   1.0000000e+00  -1.6070058e+00
   5.7657658e-01   1.0000000e+00  -1.6103459e+00
   5.7757758e-01   1.0000000e+00  -1.6136412e+00
   5.7857858e-01   1.0000000e+00  -1.6168913e+00
   5.7957958e-01   1.0000000e+00  -1.6200956e+00
   5.8058058e-01   1.0000000e+00  -1.6232537e+00
   5.8158158e-01   1.0000000e+00  -1.6263652e+00
   5.8258258e-01   1.0000000e+00  -1.6294297e+00
   5.8358358e-01   1.0000000e+00  -1.6324468e+00
   5.8458458e-01   1.0000000e+00  -1.6354160e+00
   5.8558559e-01   1.0000000e+00  -1.6383369e+00
   5.8658659e-01   1.0000000e+00  -1.6412093e+00
   5.8758759e-01   1.0000000e+00  -1.6440328e+00
   5.8858859e-01   1.0000000e+00  -1.6468070e+00
   5.8958959e-01   1.0000000e+00  -1.6495316e+00
   5.9059059e-01   1.0000000e+00  -1.6522062e+00
   5.9159159e-01   1.0000000e+00  -1.6548306e+00
   5.9259259e-01   1.0000000e+00  -1.6574045e+00
   5.9359359e-01   1.0000000e+00  -1.6599276e+00
   5.9459459e-01   1.0000000e+00  -1.6623997e+00
   5.9559560e-01   1.0000000e+00  -1.6648204e+00
   5.9659660e-01   1.0000000e+00  -1.6671897e+00
   5.9759760e-01   1.0000000e+00  -1.6695071e+00
   5.9859860e-01   1.0000000e+00  -1.6717726e+00
   5.9959960e-01   1.0000000e+00  -1.6739858e+00
   6.0060060e-01   1.0000000e+00  -1.6761468e+00
   6.0160160e-01   1.0000000e+00  -1.6782552e+00
   6.0260260e-01   1.0000000e+00  -1.6803109e+00
   6.0360360e-01   1.0000000e+00  -1.6823137e+00
   6.0460460e-01   1.0000000e+00  -1.6842636e+00
   6.0560561e-01   1.0000000e+00  -1.6861604e+00
   6.0660661e-01   1.0000000e+00  -1.6880040e+00
   6.0760761e-01   1.0000000e+00  -1.6897943e+00
   6.0860861e-01   1.0000000e+00  -1.6915313e+00
   6.0960961e-01   1.0000000e+00  -1.6932147e+00
   6.1061061e-01   1.0000000e+00  -1.6948447e+00
   6.1161161e-01   1.0000000e+00  -1.6964211e+00
   6.1261261e-01   1.0000000e+00  -1.6979439e+00
   6.1361361e-01   1.0000000e+00  -1.6994131e+00
   6.1461461e-01   1.0000000e+00  -1.7008287e+00
   6.1561562e-01   1.0000000e+00  -1.7021907e+00
   6.1661662e-01   1.0000000e+00  -1.7034990e+00
   6.1761762e-01   1.0000000e+00  -1.7047538e+00
   6.1861862e-01   1.0000000e+00  -1.7059551e+00
   6.1961962e-01   1.0000000e+00  -1.7071029e+00
   6.2062062e-01   1.0000000e+00  -1.7081972e+00
   6.2162162e-01   1.0000000e+00  -1.7092382e+00
   6.2262262e-01   1.0000000e+00  -1.7102259e+00
   6.2362362e-01   1.0000000e+00  -1.7111605e+00
   6.2462462e-01   1.0000000e+00  -1.7120420e+00
   6.2562563e-01   1.0000000e+00  -1.7128706e+00
   6.2662663e-01   1.0000000e+00  -1.7136463e+00
   6.2762763e-01   1.0000000e+00  -1.7143694e+00
   6.2862863e-01   1.0000000e+00  -1.7150400e+00
   6.2962963e-01   1.0000000e+00  -1.7156582e+00
   6.3063063e-01   1.0000000e+00  -1.7162243e+00
   6.3163163e-01   1.0000000e+00  -1.7167383e+00
   6.3263263e-01   1.0000000e+00  -1.7172006e+00
   6.3363363e-01   1.0000000e+00  -1.7176113e+00
   6.3463463e-01   1.0000000e+00  -1.7179706e+00
   6.3563564e-01   1.0000000e+00  -1.7182787e+00
   6.3663664e-01   1.0000000e+00  -1.7185360e+00
   6.3763764e-01   1.0000000e+00  -1.7187426e+00
   6.3863864e-01   1.0000000e+00  -1.7188988e+00
   6.3963964e-01   1.0000000e+00  -1.7190048e+00
   6.4064064e-01   1.0000000e+00  -1.7190610e+00
   6.4164164e-01   1.0000000e+00  -1.7190676e+00
   6.4264264e-01   1.0000000e+00  -1.7190250e+00
   6.4364364e-01   1.0000000e+00  -1.7189333e+00
   6.4464464e-01   1.0000000e+00  -1.7187930e+00
   6.4564565e-01   1.0000000e+00  -1.7186044e+00
   6.4664665e-01   1.0000000e+00  -1.7183677e+00
   6.4764765e-01   1.0000000e+00  -1.7180834e+00
   6.4864865e-01   1.0000000e+00  -1.7177518e+00
   6.4964965e-01   1.0000000e+00  -1.7173732e+00
   6.5065065e-01   1.0000000e+00  -1.7169480e+00
   6.5165165e-01   1.0000000e+00  -1.7164767e+00
   6.5265265e-01   1.0000000e+00  -1.7159594e+00
   6.5365365e-01   1.0000000e+00  -1.7153968e+00
   6.5465465e-01   1.0000000e+00  -1.7147890e+00
   6.5565566e-01   1.0000000e+00  -1.7141367e+00
   6.5665666e-01   1.0000000e+00  -1.7134401e+00
   6.5765766e-01   1.0000000e+00  -1.7126997e+00
   6.5865866e-01   1.0000000e+00  -1.7119159e+00
   6.5965966e-01   1.0000000e+00  -1.7110892e+00
   6.6066066e-01   1.0000000e+00  -1.7102200e+00
   6.6166166e-01   1.0000000e+00  -1.7093088e+00
   6.6266266e-01   1.0000000e+00  -1.7083560e+00
   6.6366366e-01   1.0000000e+00  -1.7073620e+00
   6.6466466e-01   1.0000000e+00  -1.7063274e+00
   6.6566567e-01   1.0000000e+00  -1.7052526e+00
   6.6666667e-01   1.0000000e+00  -1.7041381e+00
   6.6766767e-01   1.0000000e+00  -1.7029844e+00
   6.6866867e-01   1.0000000e+00  -1.7017919e+00
   6.6966967e-01   1.0000000e+00  -1.7005613e+00
   6.7067067e-01   1.0000000e+00  -1.6992929e+00
   6.7167167e-01   1.0000000e+00  -1.6979874e+00
   6.7267267e-01   1.0000000e+00  -1.6966451e+00
   6.7367367e-01   1.0000000e+00  -1.6952667e+00
   6.7467467e-01   1.0000000e+00  -1.6938527e+00
   6.7567568e-01   1.0000000e+00  -1.6924036e+00
   6.7667668e-01   1.0000000e+00  -1.6909198e+00
   6.7767768e-01   1.0000000e+00  -1.6894021e+00
   6.7867868e-01   1.0000000e+00  -1.6878509e+00
   6.7967968e-01   1.0000000e+00  -1.6862667e+00
   6.8068068e-01   1.0000000e+00  -1.6846502e+00
   6.8168168e-01   1.0000000e+00  -1.6830018e+00
   6.8268268e-01   1.0000000e+00  -1.6813222e+00
   6.8368368e-01   1.0000000e+00  -1.6796119e+00
   6.8468468e-01   1.0000000e+00  -1.6778714e+00
   6.8568569e-01   1.0000000e+00  -1.6761014e+00
   6.8668669e-01   1.0000000e+00  -1.6743024e+00
   6.8768769e-01   1.0000000e+00  -1.6724750e+00
   6.8868869e-01   1.0000000e+00  -1.6706198e+00
   6.8968969e-01   1.0000000e+00  -1.6687373e+00
   6.9069069e-01   1.0000000e+00  -1.6668282e+00
   6.9169169e-01   1.0000000e+00  -1.6648930e+00
   6.9269269e-01   1.0000000e+00  -1.6629323e+00
   6.9369369e-01   1.0000000e+00  -1.6609468e+00
   6.9469469e-01   1.0000000e+00  -1.6589369e+00
   6.9569570e-01   1.0000000e+00  -1.6569034e+00
   6.9669670e-01   1.0000000e+00  -1.6548468e+00
   6.9769770e-01   1.0000000e+00  -1.6527677e+00
   6.9869870e-01   1.0000000e+00  -1.6506667e+00
   6.9969970e-01   1.0000000e+00  -1.6485444e+00
   7.0070070e-01   1.0000000e+00  -1.6464014e+00
   7.0170170e-01   1.0000000e+00  -1.6442384e+00
   7.0270270e-01   1.0000000e+00  -1.6420559e+00
   7.0370370e-01   1.0000000e+00  -1.6398546e+00
   7.0470470e-01   1.0000000e+00  -1.6376349e+00
   7.0570571e-01   1.0000000e+00  -1.6353977e+00
   7.0670671e-01   1.0000000e+00  -1.6331434e+00
   7.0770771e-01   1.0000000e+00  -1.6308727e+00
   7.0870871e-01   1.0000000e+00  -1.6285861e+00
   7.0970971e-01   1.0000000e+00  -1.6262844e+00
   7.1071071e-01   1.0000000e+00  -1.6239680e+00
   7.1171171e-01   1.0000000e+00  -1.6216376e+00
   7.1271271e-01   1.0000000e+00  -1.6192939e+00
   7.1371371e-01   1.0000000e+00  -1.6169374e+00
   7.1471471e-01   1.0000000e+00  -1.6145687e+00
   7.1571572e-01   1.0000000e+00  -1.6121884e+00
   7.1671672e-01   1.0000000e+00  -1.6097972e+00
   7.1771772e-01   1.0000000e+00  -1.6073956e+00
   7.1871872e-01   1.0000000e+00  -1.6049843e+00
   7.1971972e-01   1.0000000e+00  -1.6025638e+00
   7.2072072e-01   1.0000000e+00  -1.6001347e+00
   7.2172172e-01   1.0000000e+00  -1.5976977e+00
   7.2272272e-01   1.0000000e+00  -1.5952533e+00
   7.2372372e-01   1.0000000e+00  -1.5928022e+00
   7.2472472e-01   1.0000000e+00  -1.5903448e+00
   7.2572573e-01   1.0000000e+00  -1.5878819e+00
   7.2672673e-01   1.0000000e+00  -1.5854139e+00
   7.2772773e-01   1.0000000e+00  -1.5829416e+00
   7.2872873e-01   1.0000000e+00  -1.5804654e+00
   7.2972973e-01   1.0000000e+00  -1.5779859e+00
   7.3073073e-01   1.0000000e+00  -1.5755038e+00
   7.3173173e-01   1.0000000e+00  -1.5730195e+00
   7.3273273e-01   1.0000000e+00  -1.5705337e+00
   7.3373373e-01   1.0000000e+00  -1.5680470e+00
   7.3473473e-01   1.0000000e+00  -1.5655598e+00
   7.3573574e-01   1.0000000e+00  -1.5630728e+00
   7.3673674e-01   1.0000000e+00  -1.5605865e+00
   7.3773774e-01   1.0000000e+00  -1.5581015e+00
   7.3873874e-01   1.0000000e+00  -1.5556183e+00
   7.3973974e-01   1.0000000e+00  -1.5531375e+00
   7.4074074e-01   1.0000000e+00  -1.5506596e+00
   7.4174174e-01   1.0000000e+00  -1.5481851e+00
   7.4274274e-01   1.0000000e+00  -1.5457147e+00
   7.4374374e-01   1.0000000e+00  -1.5432487e+00
   7.4474474e-01   1.0000000e+00  -1.5407878e+00
   7.4574575e-01   1.0000000e+00  -1.5383324e+00
   7.4674675e-01   1.0000000e+00  -1.5358832e+00
   7.4774775e-01   1.0000000e+00  -1.5334405e+00
   7.4874875e-01   1.0000000e+00  -1.5310050e+00
   7.4974975e-01   1.0000000e+00  -1.5285770e+00
   7.5075075e-01   1.0000000e+00  -1.5261572e+00
   7.5175175e-01   1.0000000e+00  -1.5237460e+00
   7.5275275e-01   1.0000000e+00  -1.5213439e+00
   7.5375375e-01   1.0000000e+00  -1.5189514e+00
   7.5475475e-01   1.0000000e+00  -1.5165689e+00
   7.5575576e-01   1.0000000e+00  -1.5141970e+00
   7.5675676e-01   1.0000000e+00  -1.5118361e+00
   7.5775776e-01   1.0000000e+00  -1.5094867e+00
   7.5875876e-01   1.0000000e+00  -1.5071492e+00
   7.5975976e-01   1.0000000e+00  -1.5048241e+00
   7.6076076e-01   1.0000000e+00  -1.5025118e+00
   7.6176176e-01   1.0000000e+00  -1.5002128e+00
   7.6276276e-01   1.0000000e+00  -1.4979276e+00
   7.6376376e-01   1.0000000e+00  -1.4956565e+00
   7.6476476e-01   1.0000000e+00  -1.4933999e+00
   7.6576577e-01   1.0000000e+00  -1.4911584e+00
   7.6676677e-01   1.0000000e+00  -1.4889323e+00
   7.6776777e-01   1.0000000e+00  -1.4867220e+00
   7.6876877e-01   1.0000000e+00  -1.4845279e+00
   7.6976977e-01   1.0000000e+00  -1.4823504e+00
   7.7077077e-01   1.0000000e+00  -1.4801899e+00
   7.7177177e-01   1.0000000e+00  -1.4780468e+00
   7.7277277e-01   1.0000000e+00  -1.4759215e+00
   7.7377377e-01   1.0000000e+00  -1.4738144e+00
   7.7477477e-01   1.0000000e+00  -1.4717257e+00
   7.7577578e-01   1.0000000e+00  -1.4696559e+00
   7.7677678e-01   1.0000000e+00  -1.4676053e+00
   7.7777778e-01   1.0000000e+00  -1.4655743e+00
   7.7877878e-01   1.0000000e+00  -1.4635631e+00
   7.7977978e-01   1.0000000e+00  -1.4615722e+00
   7.8078078e-01   1.0000000e+00  -1.4596019e+00
   7.8178178e-01   1.0000000e+00  -1.4576524e+00
   7.8278278e-01   1.0000000e+00  -1.4557241e+00
   7.8378378e-01   1.0000000e+00  -1.4538174e+00
   7.8478478e-01   1.0000000e+00  -1.4519324e+00
   7.8578579e-01   1.0000000e+00  -1.4500695e+00
   7.8678679e-01   1.0000000e+00  -1.4482290e+00
   7.8778779e-01   1.0000000e+00  -1.4464112e+00
   7.8878879e-01   1.0000000e+00  -1.4446162e+00
   7.8978979e-01   1.0000000e+00  -1.4428445e+00
   7.9079079e-01   1.0000000e+00  -1.4410962e+00
   7.9179179e-01   1.0000000e+00  -1.4393717e+00
   7.9279279e-01   1.0000000e+00  -1.4376711e+00
   7.9379379e-01   1.0000000e+00  -1.4359947e+00
   7.9479479e-01   1.0000000e+00  -1.4343427e+00
   7.9579580e-01   1.0000000e+00  -1.4327154e+00
   7.9679680e-01   1.0000000e+00  -1.4311129e+00
   7.9779780e-01   1.0000000e+00  -1.4295355e+00
   7.9879880e-01   1.0000000e+00  -1.4279834e+00
   7.9979980e-01   1.0000000e+00  -1.4264568e+00
   8.0080080e-01   1.0000000e+00  -1.4249558e+00
   8.0180180e-01   1.0000000e+00  -1.4234807e+00
   8.0280280e-01   1.0000000e+00  -1.4220317e+00
   8.0380380e-01   1.0000000e+00  -1.4206088e+00
   8.0480480e-01   1.0000000e+00  -1.4192123e+00
   8.0580581e-01   1.0000000e+00  -1.4178423e+00
   8.0680681e-01   1.0000000e+00  -1.4164990e+00
   8.0780781e-01   1.0000000e+00  -1.4151825e+00
   8.0880881e-01   1.0000000e+00  -1.4138930e+00
   8.0980981e-01   1.0000000e+00  -1.4126305e+00
   8.1081081e-01   1.0000000e+00  -1.4113953e+00
   8.1181181e-01   1.0000000e+00  -1.4101873e+00
   8.1281281e-01   1.0000000e+00  -1.4090068e+00
   8.1381381e-01   1.0000000e+00  -1.4078537e+00
   8.1481481e-01   1.0000000e+00  -1.4067283e+00
   8.1581582e-01   1.0000000e+00  -1.4056306e+00
   8.1681682e-01   1.0000000e+00  -1.4045607e+00
   8.1781782e-01   1.0000000e+00  -1.4035187e+00
   8.1881882e-01   1.0000000e+00  -1.4025046e+00
   8.1981982e-01   1.0000000e+00  -1.4015184e+00
   8.2082082e-01   1.0000000e+00  -1.4005603e+00
   8.2182182e-01   1.0000000e+00  -1.3996303e+00
   8.2282282e-01   1.0000000e+00  -1.3987284e+00
   8.2382382e-01   1.0000000e+00  -1.3978547e+00
   8.2482482e-01   1.0000000e+00  -1.3970092e+00
   8.2582583e-01   1.0000000e+00  -1.3961919e+00
   8.2682683e-01   1.0000000e+00  -1.3954028e+00
   8.2782783e-01   1.0000000e+00  -1.3946419e+00
   8.2882883e-01   1.0000000e+00  -1.3939093e+00
   8.2982983e-01   1.0000000e+00  -1.3932049e+00
   8.3083083e-01   1.0000000e+00  -1.3925288e+00
   8.3183183e-01   1.0000000e+00  -1.3918808e+00
   8.3283283e-01   1.0000000e+00  -1.3912610e+00
   8.3383383e-01   1.0000000e+00  -1.3906694e+00
   8.3483483e-01   1.0000000e+00  -1.3901059e+00
   8.3583584e-01   1.0000000e+00  -1.3895705e+00
   8.3683684e-01   1.0000000e+00  -1.3890631e+00
   8.3783784e-01   1.0000000e+00  -1.3885836e+00
   8.3883884e-01   1.0000000e+00  -1.3881321e+00
   8.3983984e-01   1.0000000e+00  -1.3877085e+00
   8.4084084e-01   1.0000000e+00  -1.3873126e+00
   8.4184184e-01   1.0000000e+00  -1.3869444e+00
   8.4284284e-01   1.0000000e+00  -1.3866038e+00
   8.4384384e-01   1.0000000e+00  -1.3862908e+00
   8.4484484e-01   1.0000000e+00  -1.3860052e+00
   8.4584585e-01   1.0000000e+00  -1.3857469e+00
   8.4684685e-01   1.0000000e+00  -1.3855158e+00
   8.4784785e-01   1.0000000e+00  -1.3853119e+00
   8.4884885e-01   1.0000000e+00  -1.3851350e+00
   8.4984985e-01   1.0000000e+00  -1.3849849e+00
   8.5085085e-01   1.0000000e+00  -1.3848616e+00
   8.5185185e-01   1.0000000e+00  -1.3847649e+00
   8.5285285e-01   1.0000000e+00  -1.3846947e+00
   8.5385385e-01   1.0000000e+00  -1.3846508e+00
   8.5485485e-01   1.0000000e+00  -1.3846331e+00
   8.5585586e-01   1.0000000e+00  -1.3846415e+00
   8.5685686e-01   1.0000000e+00  -1.3846757e+00
   8.5785786e-01   1.0000000e+00  -1.3847357e+00
   8.5885886e-01   1.0000000e+00  -1.3848212e+00
   8.5985986e-01   1.0000000e+00  -1.3849321e+00
   8.6086086e-01   1.0000000e+00  -1.3850681e+00
   8.6186186e-01   1.0000000e+00  -1.3852292e+00
   8.6286286e-01   1.0000000e+00  -1.3854152e+00
   8.6386386e-01   1.0000000e+00  -1.3856257e+00
   8.6486486e-01   1.0000000e+00  -1.3858607e+00
   8.6586587e-01   1.0000000e+00  -1.3861200e+00
   8.6686687e-01   1.0000000e+00  -1.3864033e+00
   8.6786787e-01   1.0000000e+00  -1.3867105e+00
   8.6886887e-01   1.0000000e+00  -1.3870412e+00
   8.6986987e-01   1.0000000e+00  -1.3873954e+00
   8.7087087e-01   1.0000000e+00  -1.3877728e+00
   8.7187187e-01   1.0000000e+00  -1.3881731e+00
   8.7287287e-01   1.0000000e+00  -1.3885962e+00
   8.7387387e-01   1.0000000e+00  -1.3890418e+00
   8.7487487e-01   1.0000000e+00  -1.3895096e+00
   8.7587588e-01   1.0000000e+00  -1.3899995e+00
   8.7687688e-01   1.0000000e+00  -1.3905112e+00
   8.7787788e-01   1.0000000e+00  -1.3910444e+00
   8.7887888e-01   1.0000000e+00  -1.3915989e+00
   8.7987988e-01   1.0000000e+00  -1.3921745e+00
   8.8088088e-01   1.0000000e+00  -1.3927709e+00
   8.8188188e-01   1.0000000e+00  -1.3933877e+00
   8.8288288e-01   1.0000000e+00  -1.3940249e+00
   8.8388388e-01   1.0000000e+00  -1.3946821e+00
   8.8488488e-01   1.0000000e+00  -1.3953590e+00
   8.8588589e-01   1.0000000e+00  -1.3960553e+00
   8.8688689e-01   1.0000000e+00  -1.3967709e+00
   8.8788789e-01   1.0000000e+00  -1.3975054e+00
   8.8888889e-01   1.0000000e+00  -1.3982585e+00
   8.8988989e-01   1.0000000e+00  -1.3990300e+00
   8.9089089e-01   1.0000000e+00  -1.3998195e+00
   8.9189189e-01   1.0000000e+00  -1.4006268e+00
   8.9289289e-01   1.0000000e+00  -1.4014517e+00
   8.9389389e-01   1.0000000e+00  -1.4022937e+00
   8.9489489e-01   1.0000000e+00  -1.4031527e+00
   8.9589590e-01   1.0000000e+00  -1.4040283e+00
   8.9689690e-01   1.0000000e+00  -1.4049202e+00
   8.9789790e-01   1.0000000e+00  -1.4058282e+00
   8.9889890e-01   1.0000000e+00  -1.4067519e+00
   8.9989990e-01   1.0000000e+00  -1.4076910e+00
   9.0090090e-01   1.0000000e+00  -1.4086452e+00
   9.0190190e-01   1.0000000e+00  -1.4096143e+00
   9.0290290e-01   1.0000000e+00  -1.4105979e+00
   9.0390390e-01   1.0000000e+00  -1.4115957e+00
   9.0490490e-01   1.0000000e+00  -1.4126073e+00
   9.0590591e-01   1.0000000e+00  -1.4136326e+00
   9.0690691e-01   1.0000000e+00  -1.4146711e+00
   9.0790791e-01   1.0000000e+00  -1.4157226e+00
   9.0890891e-01   1.0000000e+00  -1.4167868e+00
   9.0990991e-01   1.0000000e+00  -1.4178632e+00
   9.1091091e-01   1.0000000e+00  -1.4189517e+00
   9.1191191e-01   1.0000000e+00  -1.4200519e+00
   9.1291291e-01   1.0000000e+00  -1.4211635e+00
   9.1391391e-01   1.0000000e+00  -1.4222861e+00
   9.1491491e-01   1.0000000e+00  -1.4234195e+00
   9.1591592e-01   1.0000000e+00  -1.4245633e+00
   9.1691692e-01   1.0000000e+00  -1.4257172e+00
   9.1791792e-01   1.0000000e+00  -1.4268809e+00
   9.1891892e-01   1.0000000e+00  -1.4280541e+00
   9.1991992e-01   1.0000000e+00  -1.4292364e+00
   9.2092092e-01   1.0000000e+00  -1.4304275e+00
   9.2192192e-01   1.0000000e+00  -1.4316272e+00
   9.2292292e-01   1.0000000e+00  -1.4328350e+00
   9.2392392e-01   1.0000000e+00  -1.4340507e+00
   9.2492492e-01   1.0000000e+00  -1.4352739e+00
   9.2592593e-01   1.0000000e+00  -1.4365044e+00
   9.2692693e-01   1.0000000e+00  -1.4377418e+00
   9.2792793e-01   1.0000000e+00  -1.4389857e+00
   9.2892893e-01   1.0000000e+00  -1.4402359e+00
   9.2992993e-01   1.0000000e+00  -1.4414921e+00
   9.3093093e-01   1.0000000e+00  -1.4427539e+00
   9.3193193e-01   1.0000000e+00  -1.4440210e+00
   9.3293293e-01   1.0000000e+00  -1.4452931e+00
   9.3393393e-01   1.0000000e+00  -1.4465699e+00
   9.3493493e-01   1.0000000e+00  -1.4478510e+00
   9.3593594e-01   1.0000000e+00  -1.4491362e+00
   9.3693694e-01   1.0000000e+00  -1.4504251e+00
   9.3793794e-01   1.0000000e+00  -1.4517175e+00
   9.3893894e-01   1.0000000e+00  -1.4530129e+00
   9.3993994e-01   1.0000000e+00  -1.4543112e+00
   9.4094094e-01   1.0000000e+00  -1.4556120e+00
   9.4194194e-01   1.0000000e+00  -1.4569149e+00
   9.4294294e-01   1.0000000e+00  -1.4582198e+00
   9.4394394e-01   1.0000000e+00  -1.4595262e+00
   9.4494494e-01   1.0000000e+00  -1.4608339e+00
   9.4594595e-01   1.0000000e+00  -1.4621425e+00
   9.4694695e-01   1.0000000e+00  -1.4634519e+00
   9.4794795e-01   1.0000000e+00  -1.4647616e+00
   9.4894895e-01   1.0000000e+00  -1.4660714e+00
   9.4994995e-01   1.0000000e+00  -1.4673809e+00
   9.5095095e-01   1.0000000e+00  -1.4686900e+00
   9.5195195e-01   1.0000000e+00  -1.4699983e+00
   9.5295295e-01   1.0000000e+00  -1.4713054e+00
   9.5395395e-01   1.0000000e+00  -1.4726112e+00
   9.5495495e-01   1.0000000e+00  -1.4739154e+00
   9.5595596e-01   1.0000000e+00  -1.4752175e+00
   9.5695696e-01   1.0000000e+00  -1.4765175e+00
   9.5795796e-01   1.0000000e+00  -1.4778149e+00
   9.5895896e-01   1.0000000e+00  -1.4791096e+00
   9.5995996e-01   1.0000000e+00  -1.4804012e+00
   9.6096096e-01   1.0000000e+00  -1.4816895e+00
   9.6196196e-01   1.0000000e+00  -1.4829742e+00
   9.6296296e-01   1.0000000e+00  -1.4842550e+00
   9.6396396e-01   1.0000000e+00  -1.4855317e+00
   9.6496496e-01   1.0000000e+00  -1.4868040e+00
   9.6596597e-01   1.0000000e+00  -1.4880716e+00
   9.6696697e-01   1.0000000e+00  -1.4893344e+00
   9.6796797e-01   1.0000000e+00  -1.4905919e+00
   9.6896897e-01   1.0000000e+00  -1.4918441e+00
   9.6996997e-01   1.0000000e+00  -1.4930906e+00
   9.7097097e-01   1.0000000e+00  -1.4943311e+00
   9.7197197e-01   1.0000000e+00  -1.4955656e+00
   9.7297297e-01   1.0000000e+00  -1.4967936e+00
   9.7397397e-01   1.0000000e+00  -1.4980150e+00
   9.7497497e-01   1.0000000e+00  -1.4992295e+00
   9.7597598e-01   1.0000000e+00  -1.5004369e+00
   9.7697698e-01   1.0000000e+00  -1.5016370e+00
   9.7797798e-01   1.0000000e+00  -1.5028296e+00
   9.7897898e-01   1.0000000e+00  -1.5040144e+00
   9.7997998e-01   1.0000000e+00  -1.5051911e+00
   9.8098098e-01   1.0000000e+00  -1.5063597e+00
   9.8198198e-01   1.0000000e+00  -1.5075198e+00
   9.8298298e-01   1.0000000e+00  -1.5086713e+00
   9.8398398e-01   1.0000000e+00  -1.5098140e+00
   9.8498498e-01   1.0000000e+00  -1.5109476e+00
   9.8598599e-01   1.0000000e+00  -1.5120719e+00
   9.8698699e-01   1.0000000e+00  -1.5131868e+00
   9.8798799e-01   1.0000000e+00  -1.5142921e+00
   9.8898899e-01   1.0000000e+00  -1.5153875e+00
   9.8998999e-01   1.0000000e+00  -1.5164729e+00
   9.9099099e-01   1.0000000e+00  -1.5175482e+00
   9.9199199e-01   1.0000000e+00  -1.5186130e+00
   9.9299299e-01   1.0000000e+00  -1.5196673e+00
   9.9399399e-01   1.0000000e+00  -1.5207108e+00
   9.9499499e-01   1.0000000e+00  -1.5217434e+00
   9.9599600e-01   1.0000000e+00  -1.5227650e+00
   9.9699700e-01   1.0000000e+00  -1.5237753e+00
   9.9799800e-01   1.0000000e+00  -1.5247743e+00
   9.9899900e-01   1.0000000e+00  -1.5257617e+00
   1.0000000e+00   1.0000000e+00  -1.5267373e+00
