   0.0000000e+00   1.0000000e+00   0.0000000e+00
   2.0020020e-03   1.0000000e+00  -3.9839150e-04
   4.0040040e-03   1.0000000e+00  -1.5839082e-03
   6.0060060e-03   1.0000000e+00  -3.5420239e-03
   8.0080080e-03   1.0000000e+00  -6.2581646e-03
   1.0010010e-02   1.0000000e+00  -9.7177158e-03
   1.2012012e-02   1.0000000e+00  -1.3906028e-02
   1.4014014e-02   1.0000000e+00  -1.8808426e-02
   1.6016016e-02   1.0000000e+00  -2.4410209e-02
   1.8018018e-02   1.0000000e+00  -3.0696666e-02
   2.0020020e-02   1.0000000e+00  -3.7653071e-02
   2.2022022e-02   1.0000000e+00  -4.5264700e-02
   2.4024024e-02   1.0000000e+00  -5.3516830e-02
   2.6026026e-02   1.0000000e+00  -6.2394744e-02
   2.8028028e-02   1.0000000e+00  -7.1883743e-02
   3.0030030e-02   1.0000000e+00  -8.1969145e-02
   3.2032032e-02   1.0000000e+00  -9.2636294e-02
   3.4034034e-02   1.0000000e+00  -1.0387057e-01
   3.6036036e-02   1.0000000e+00  -1.1565737e-01
   3.8038038e-02   1.0000000e+00  -1.2798216e-01
   4.0040040e-02   1.0000000e+00  -1.4083044e-01
   4.2042042e-02   1.0000000e+00  -1.5418775e-01
   4.4044044e-02   1.0000000e+00  -1.6803969e-01
   4.6046046e-02   1.0000000e+00  -1.8237194e-01
   4.8048048e-02   1.0000000e+00  -1.9717022e-01
   5.0050050e-02   1.0000000e+00  -2.1242033e-01
   5.2052052e-02   1.0000000e+00  -2.2810816e-01
   5.4054054e-02   1.0000000e+00  -2.4421964e-01
   5.6056056e-02   1.0000000e+00  -2.6074082e-01
   5.8058058e-02   1.0000000e+00  -2.7765782e-01
   6.0060060e-02   1.0000000e+00  -2.9495685e-01
   6.2062062e-02   1.0000000e+00  -3.1262421e-01
   6.4064064e-02   1.0000000e+00  -3.3064632e-01
   6.6066066e-02   1.0000000e+00  -3.4900968e-01
   6.8068068e-02   1.0000000e+00  -3.6770091e-01
   7.0070070e-02   1.0000000e+00  -3.8670672e-01
   7.2072072e-02   1.0000000e+00  -4.0601394e-01
   7.4074074e-02   1.0000000e+00  -4.2560953e-01
   7.6076076e-02   1.0000000e+00  -4.4548056e-01
   7.8078078e-02   1.0000000e+00  -4.6561421e-01
   8.0080080e-02   1.0000000e+00  -4.8599779e-01
   8.2082082e-02   1.0000000e+00  -5.0661875e-01
   8.4084084e-02   1.0000000e+00  -5.2746466e-01
   8.6086086e-02   1.0000000e+00  -5.4852322e-01
   8.8088088e-02   1.0000000e+00  -5.6978227e-01
   9.0090090e-02   1.0000000e+00  -5.9122979e-01
   9.2092092e-02   1.0000000e+00  -6.1285388e-01
   9.4094094e-02   1.0000000e+00  -6.3464281e-01
   9.6096096e-02   1.0000000e+00  -6.5658499e-01
   9.8098098e-02   1.0000000e+00  -6.7866895e-01
   1.0010010e-01   1.0000000e+00  -7.0088340e-01
   1.0210210e-01   1.0000000e+00  -7.2321718e-01
   1.0410410e-01   1.0000000e+00  -7.4565928e-01
   1.0610611e-01   1.0000000e+00  -7.6819887e-01
   1.0810811e-01   1.0000000e+00  -7.9082525e-01
   1.1011011e-01   1.0000000e+00  -8.1352788e-01
   1.1211211e-01   1.0000000e+00  -8.3629638e-01
   1.1411411e-01   1.0000000e+00  -8.5912053e-01
   1.1611612e-01   1.0000000e+00  -8.8199028e-01
   1.1811812e-01   1.0000000e+00  -9.0489572e-01
   1.2012012e-01   1.0000000e+00  -9.2782712e-01
   1.2212212e-01   1.0000000e+00  -9.5077491e-01
   1.2412412e-01   1.0000000e+00  -9.7372967e-01
   1.2612613e-01   1.0000000e+00  -9.9668218e-01
   1.2812813e-01   1.0000000e+00  -1.0196233e+00
   1.3013013e-01   1.0000000e+00  -1.0425443e+00
   1.3213213e-01   1.0000000e+00  -1.0654362e+00
   1.3413413e-01   1.0000000e+00  -1.0882905e+00
   1.3613614e-01   1.0000000e+00  -1.1110989e+00
   1.3813814e-01   1.0000000e+00  -1.1338531e+00
   1.4014014e-01   1.0000000e+00  -1.1565450e+00
   1.4214214e-01   1.0000000e+00  -1.1791667e+00
   1.4414414e-01   1.0000000e+00  -1.2017105e+00
   1.4614615e-01   1.0000000e+00  -1.2241688e+00
   1.4814815e-01   1.0000000e+00  -1.2465343e+00
   1.5015015e-01   1.0000000e+00  -1.2687996e+00
   1.5215215e-01   1.0000000e+00  -1.2909578e+00
   1.5415415e-01   1.0000000e+00  -1.3130020e+00
   1.5615616e-01   1.0000000e+00  -1.3349254e+00
   1.5815816e-01   1.0000000e+00  -1.3567215e+00
   1.6016016e-01   1.0000000e+00  -1.3783839e+00
   1.6216216e-01   1.0000000e+00  -1.3999064e+00
   1.6416416e-01   1.0000000e+00  -1.4212829e+00
   1.6616617e-01   1.0000000e+00  -1.4425075e+00
   1.6816817e-01   1.0000000e+00  -1.4635746e+00
   1.7017017e-01   1.0000000e+00  -1.4844786e+00
   1.7217217e-01   1.0000000e+00  -1.5052141e+00
   1.7417417e-01   1.0000000e+00  -1.5257758e+00
   1.7617618e-01   1.0000000e+00  -1.5461587e+00
   1.7817818e-01   1.0000000e+00  -1.5663580e+00
   1.8018018e-01   1.0000000e+00  -1.5863687e+00
   1.8218218e-01   1.0000000e+00  -1.6061865e+00
   1.8418418e-01   1.0000000e+00  -1.6258068e+00
   1.8618619e-01   1.0000000e+00  -1.6452253e+00
   1.8818819e-01   1.0000000e+00  -1.6644380e+00
   1.9019019e-01   1.0000000e+00  -1.6834410e+00
   1.9219219e-01   1.0000000e+00  -1.7022303e+00
   1.9419419e-01   1.0000000e+00  -1.7208024e+00
   1.9619620e-01   1.0000000e+00  -1.7391538e+00
   1.9819820e-01   1.0000000e+00  -1.7572811e+00
   2.0020020e-01   1.0000000e+00  -1.7751811e+00
   2.0220220e-01   1.0000000e+00  -1.7928507e+00
   2.0420420e-01   1.0000000e+00  -1.8102871e+00
   2.0620621e-01   1.0000000e+00  -1.8274875e+00
   2.0820821e-01   1.0000000e+00  -1.8444493e+00
   2.1021021e-01   1.0000000e+00  -1.8611700e+00
   2.1221221e-01   1.0000000e+00  -1.8776473e+00
   2.1421421e-01   1.0000000e+00  -1.8938789e+00
   2.1621622e-01   1.0000000e+00  -1.9098629e+00
   2.1821822e-01   1.0000000e+00  -1.9255972e+00
   2.2022022e-01   1.0000000e+00  -1.9410801e+00
   2.2222222e-01   1.0000000e+00  -1.9563099e+00
   2.2422422e-01   1.0000000e+00  -1.9712852e+00
   2.2622623e-01   1.0000000e+00  -1.9860044e+00
   2.2822823e-01   1.0000000e+00  -2.0004664e+00
   2.3023023e-01   1.0000000e+00  -2.0146699e+00
   2.3223223e-01   1.0000000e+00  -2.0286140e+00
   2.3423423e-01   1.0000000e+00  -2.0422977e+00
   2.3623624e-01   1.0000000e+00  -2.0557203e+00
   2.3823824e-01   1.0000000e+00  -2.0688811e+00
   2.4024024e-01   1.0000000e+00  -2.0817794e+00
   2.4224224e-01   1.0000000e+00  -2.0944150e+00
   2.4424424e-01   1.0000000e+00  -2.1067875e+00
   2.4624625e-01   1.0000000e+00  -2.1188966e+00
   2.4824825e-01   1.0000000e+00  -2.1307423e+00
   2.5025025e-01   1.0000000e+00  -2.1423245e+00
   2.5225225e-01   1.0000000e+00  -2.1536433e+00
   2.5425425e-01   1.0000000e+00  -2.1646990e+00
   2.5625626e-01   1.0000000e+00  -2.1754919e+00
   2.5825826e-01   1.0000000e+00  -2.1860223e+00
   2.6026026e-01   1.0000000e+00  -2.1962908e+00
   2.6226226e-01   1.0000000e+00  -2.2062980e+00
   2.6426426e-01   1.0000000e+00  -2.2160446e+00
   2.6626627e-01   1.0000000e+00  -2.2255313e+00
   2.6826827e-01   1.0000000e+00  -2.2347590e+00
   2.7027027e-01   1.0000000e+00  -2.2437287e+00
   2.7227227e-01   1.0000000e+00  -2.2524414e+00
   2.7427427e-01   1.0000000e+00  -2.2608983e+00
   2.7627628e-01   1.0000000e+00  -2.2691005e+00
   2.7827828e-01   1.0000000e+00  -2.2770494e+00
   2.8028028e-01   1.0000000e+00  -2.2847463e+00
   2.8228228e-01   1.0000000e+00  -2.2921926e+00
   2.8428428e-01   1.0000000e+00  -2.2993899e+00
   2.8628629e-01   1.0000000e+00  -2.3063398e+00
   2.8828829e-01   1.0000000e+00  -2.3130439e+00
   2.9029029e-01   1.0000000e+00  -2.3195040e+00
   2.9229229e-01   1.0000000e+00  -2.3257218e+00
   2.9429429e-01   1.0000000e+00  -2.3316992e+00
   2.9629630e-01   1.0000000e+00  -2.3374381e+00
   2.9829830e-01   1.0000000e+00  -2.3429404e+00
   3.0030030e-01   1.0000000e+00  -2.3482084e+00
   3.0230230e-01   1.0000000e+00  -2.3532439e+00
   3.0430430e-01   1.0000000e+00  -2.3580492e+00
   3.0630631e-01   1.0000000e+00  -2.3626265e+00
   3.0830831e-01   1.0000000e+00  -2.3669781e+00
   3.1031031e-01   1.0000000e+00  -2.3711061e+00
   3.1231231e-01   1.0000000e+00  -2.3750131e+00
   3.1431431e-01   1.0000000e+00  -2.3787013e+00
   3.1631632e-01   1.0000000e+00  -2.3821732e+00
   3.1831832e-01   1.0000000e+00  -2.3854314e+00
   3.2032032e-01   1.0000000e+00  -2.3884783e+00
   3.2232232e-01   1.0000000e+00  -2.3913164e+00
   3.2432432e-01   1.0000000e+00  -2.3939485e+00
   3.2632633e-01   1.0000000e+00  -2.3963771e+00
   3.2832833e-01   1.0000000e+00  -2.3986048e+00
   3.3033033e-01   1.0000000e+00  -2.4006345e+00
   3.3233233e-01   1.0000000e+00  -2.4024688e+00
   3.3433433e-01   1.0000000e+00  -2.4041105e+00
   3.3633634e-01   1.0000000e+00  -2.4055623e+00
   3.3833834e-01   1.0000000e+00  -2.4068272e+00
   3.4034034e-01   1.0000000e+00  -2.4079078e+00
   3.4234234e-01   1.0000000e+00  -2.4088072e+00
   3.4434434e-01   1.0000000e+00  -2.4095281e+00
   3.4634635e-01   1.0000000e+00  -2.4100734e+00
   3.4834835e-01   1.0000000e+00  -2.4104462e+00
   3.5035035e-01   1.0000000e+00  -2.4106493e+00
   3.5235235e-01   1.0000000e+00  -2.4106856e+00
   3.5435435e-01   1.0000000e+00  -2.4105582e+00
   3.5635636e-01   1.0000000e+00  -2.4102699e+00
   3.5835836e-01   1.0000000e+00  -2.4098239e+00
   3.6036036e-01   1.0000000e+00  -2.4092230e+00
   3.6236236e-01   1.0000000e+00  -2.4084703e+00
   3.6436436e-01   1.0000000e+00  -2.4075688e+00
   3.6636637e-01   1.0000000e+00  -2.4065216e+00
   3.6836837e-01   1.0000000e+00  -2.4053315e+00
   3.7037037e-01   1.0000000e+00  -2.4040017e+00
   3.7237237e-01   1.0000000e+00  -2.4025352e+00
   3.7437437e-01   1.0000000e+00  -2.4009350e+00
   3.7637638e-01   1.0000000e+00  -2.3992041e+00
   3.7837838e-01   1.0000000e+00  -2.3973456e+00
   3.8038038e-01   1.0000000e+00  -2.3953624e+00
   3.8238238e-01   1.0000000e+00  -2.3932576e+00
   3.8438438e-01   1.0000000e+00  -2.3910342e+00
   3.8638639e-01   1.0000000e+00  -2.3886951e+00
   3.8838839e-01   1.0000000e+00  -2.3862435e+00
   3.9039039e-01   1.0000000e+00  -2.3836822e+00
   3.9239239e-01   1.0000000e+00  -2.3810142e+00
   3.9439439e-01   1.0000000e+00  -2.3782425e+00
   3.9639640e-01   1.0000000e+00  -2.3753701e+00
   3.9839840e-01   1.0000000e+00  -2.3723999e+00
   4.0040040e-01   1.0000000e+00  -2.3693348e+00
   4.0240240e-01   1.0000000e+00  -2.3661778e+00
   4.0440440e-01   1.0000000e+00  -2.3629317e+00
   4.0640641e-01   1.0000000e+00  -2.3595994e+00
   4.0840841e-01   1.0000000e+00  -2.3561837e+00
   4.1041041e-01   1.0000000e+00  -2.3526876e+00
   4.1241241e-01   1.0000000e+00  -2.3491138e+00
   4.1441441e-01   1.0000000e+00  -2.3454652e+00
   4.1641642e-01   1.0000000e+00  -2.3417445e+00
   4.1841842e-01   1.0000000e+00  -2.3379545e+00
   4.2042042e-01   1.0000000e+00  -2.3340979e+00
   4.2242242e-01   1.0000000e+00  -2.3301775e+00
   4.2442442e-01   1.0000000e+00  -2.3261960e+00
   4.2642643e-01   1.0000000e+00  -2.3221560e+00
   4.2842843e-01   1.0000000e+00  -2.3180601e+00
   4.3043043e-01   1.0000000e+00  -2.3139111e+00
   4.3243243e-01   1.0000000e+00  -2.3097115e+00
   4.3443443e-01   1.0000000e+00  -2.3054638e+00
   4.3643644e-01   1.0000000e+00  -2.3011707e+00
   4.3843844e-01   1.0000000e+00  -2.2968346e+00
   4.4044044e-01   1.0000000e+00  -2.2924581e+00
   4.4244244e-01   1.0000000e+00  -2.2880435e+00
   4.4444444e-01   1.0000000e+00  -2.2835933e+00
   4.4644645e-01   1.0000000e+00  -2.2791100e+00
   4.4844845e-01   1.0000000e+00  -2.2745959e+00
   4.5045045e-01   1.0000000e+00  -2.2700533e+00
   4.5245245e-01   1.0000000e+00  -2.2654845e+00
   4.5445445e-01   1.0000000e+00  -2.2608919e+00
   4.5645646e-01   1.0000000e+00  -2.2562777e+00
   4.5845846e-01   1.0000000e+00  -2.2516440e+00
   4.6046046e-01   1.0000000e+00  -2.2469932e+00
   4.6246246e-01   1.0000000e+00  -2.2423273e+00
   4.6446446e-01   1.0000000e+00  -2.2376484e+00
   4.6646647e-01   1.0000000e+00  -2.2329588e+00
   4.6846847e-01   1.0000000e+00  -2.2282603e+00
   4.7047047e-01   1.0000000e+00  -2.2235550e+00
   4.7247247e-01   1.0000000e+00  -2.2188450e+00
   4.7447447e-01   1.0000000e+00  -2.2141322e+00
   4.7647648e-01   1.0000000e+00  -2.2094185e+00
   4.7847848e-01   1.0000000e+00  -2.2047057e+00
   4.8048048e-01   1.0000000e+00  -2.1999958e+00
   4.8248248e-01   1.0000000e+00  -2.1952906e+00
   4.8448448e-01   1.0000000e+00  -2.1905918e+00
   4.8648649e-01   1.0000000e+00  -2.1859013e+00
   4.8848849e-01   1.0000000e+00  -2.1812206e+00
   4.9049049e-01   1.0000000e+00  -2.1765515e+00
   4.9249249e-01   1.0000000e+00  -2.1718957e+00
   4.9449449e-01   1.0000000e+00  -2.1672548e+00
   4.9649650e-01   1.0000000e+00  -2.1626303e+00
   4.9849850e-01   1.0000000e+00  -2.1580237e+00
   5.0050050e-01   1.0000000e+00  -2.1534367e+00
   5.0250250e-01   1.0000000e+00  -2.1488706e+00
   5.0450450e-01   1.0000000e+00  -2.1443269e+00
   5.0650651e-01   1.0000000e+00  -2.1398071e+00
   5.0850851e-01   1.0000000e+00  -2.1353124e+00
   5.1051051e-01   1.0000000e+00  -2.1308442e+00
   5.1251251e-01   1.0000000e+00  -2.1264039e+00
   5.1451451e-01   1.0000000e+00  -2.1219926e+00
   5.1651652e-01   1.0000000e+00  -2.1176116e+00
   5.1851852e-01   1.0000000e+00  -2.1132622e+00
   5.2052052e-01   1.0000000e+00  -2.1089454e+00
   5.2252252e-01   1.0000000e+00  -2.1046625e+00
   5.2452452e-01   1.0000000e+00  -2.1004144e+00
   5.2652653e-01   1.0000000e+00  -2.0962024e+00
   5.2852853e-01   1.0000000e+00  -2.0920273e+00
   5.3053053e-01   1.0000000e+00  -2.0878902e+00
   5.3253253e-01   1.0000000e+00  -2.0837921e+00
   5.3453453e-01   1.0000000e+00  -2.0797339e+00
   5.3653654e-01   1.0000000e+00  -2.0757165e+00
   5.3853854e-01   1.0000000e+00  -2.0717407e+00
   5.4054054e-01   1.0000000e+00  -2.0678075e+00
   5.4254254e-01   1.0000000e+00  -2.0639175e+00
   5.4454454e-01   1.0000000e+00  -2.0600716e+00
   5.4654655e-01   1.0000000e+00  -2.0562706e+00
   5.4854855e-01   1.0000000e+00  -2.0525150e+00
   5.5055055e-01   1.0000000e+00  -2.0488057e+00
   5.5255255e-01   1.0000000e+00  -2.0451432e+00
   5.5455455e-01   1.0000000e+00  -2.0415282e+00
   5.5655656e-01   1.0000000e+00  -2.0379612e+00
   5.5855856e-01   1.0000000e+00  -2.0344429e+00
   5.6056056e-01   1.0000000e+00  -2.0309737e+00
   5.6256256e-01   1.0000000e+00  -2.0275541e+00
   5.6456456e-01   1.0000000e+00  -2.0241847e+00
   5.6656657e-01   1.0000000e+00  -2.0208658e+00
   5.6856857e-01   1.0000000e+00  -2.0175979e+00
   5.7057057e-01   1.0000000e+00  -2.0143814e+00
   5.7257257e-01   1.0000000e+00  -2.0112166e+00
   5.7457457e-01   1.0000000e+00  -2.0081038e+00
   5.7657658e-01   1.0000000e+00  -2.0050434e+00
   5.7857858e-01   1.0000000e+00  -2.0020357e+00
   5.8058058e-01   1.0000000e+00  -1.9990808e+00
   5.8258258e-01   1.0000000e+00  -1.9961791e+00
   5.8458458e-01   1.0000000e+00  -1.9933307e+00
   5.8658659e-01   1.0000000e+00  -1.9905358e+00
   5.8858859e-01   1.0000000e+00  -1.9877946e+00
   5.9059059e-01   1.0000000e+00  -1.9851072e+00
   5.9259259e-01   1.0000000e+00  -1.9824737e+00
   5.9459459e-01   1.0000000e+00  -1.9798942e+00
   5.9659660e-01   1.0000000e+00  -1.9773687e+00
   5.9859860e-01   1.0000000e+00  -1.9748974e+00
   6.0060060e-01   1.0000000e+00  -1.9724801e+00
   6.0260260e-01   1.0000000e+00  -1.9701169e+00
   6.0460460e-01   1.0000000e+00  -1.9678078e+00
   6.0660661e-01   1.0000000e+00  -1.9655527e+00
   6.0860861e-01   1.0000000e+00  -1.9633515e+00
   6.1061061e-01   1.0000000e+00  -1.9612042e+00
   6.1261261e-01   1.0000000e+00  -1.9591107e+00
   6.1461461e-01   1.0000000e+00  -1.9570708e+00
   6.1661662e-01   1.0000000e+00  -1.9550843e+00
   6.1861862e-01   1.0000000e+00  -1.9531512e+00
   6.2062062e-01   1.0000000e+00  -1.9512712e+00
   6.2262262e-01   1.0000000e+00  -1.9494442e+00
   6.2462462e-01   1.0000000e+00  -1.9476698e+00
   6.2662663e-01   1.0000000e+00  -1.9459479e+00
   6.2862863e-01   1.0000000e+00  -1.9442782e+00
   6.3063063e-01   1.0000000e+00  -1.9426605e+00
   6.3263263e-01   1.0000000e+00  -1.9410944e+00
   6.3463463e-01   1.0000000e+00  -1.9395797e+00
   6.3663664e-01   1.0000000e+00  -1.9381161e+00
   6.3863864e-01   1.0000000e+00  -1.9367031e+00
   6.4064064e-01   1.0000000e+00  -1.9353406e+00
   6.4264264e-01   1.0000000e+00  -1.9340280e+00
   6.4464464e-01   1.0000000e+00  -1.9327651e+00
   6.4664665e-01   1.0000000e+00  -1.9315514e+00
   6.4864865e-01   1.0000000e+00  -1.9303866e+00
   6.5065065e-01   1.0000000e+00  -1.9292703e+00
   6.5265265e-01   1.0000000e+00  -1.9282020e+00
   6.5465465e-01   1.0000000e+00  -1.9271813e+00
   6.5665666e-01   1.0000000e+00  -1.9262077e+00
   6.5865866e-01   1.0000000e+00  -1.9252808e+00
   6.6066066e-01   1.0000000e+00  -1.9244001e+00
   6.6266266e-01   1.0000000e+00  -1.9235653e+00
   6.6466466e-01   1.0000000e+00  -1.9227756e+00
   6.6666667e-01   1.0000000e+00  -1.9220308e+00
   6.6866867e-01   1.0000000e+00  -1.9213302e+00
   6.7067067e-01   1.0000000e+00  -1.9206734e+00
   6.7267267e-01   1.0000000e+00  -1.9200598e+00
   6.7467467e-01   1.0000000e+00  -1.9194889e+00
   6.7667668e-01   1.0000000e+00  -1.9189602e+00
   6.7867868e-01   1.0000000e+00  -1.9184731e+00
   6.8068068e-01   1.0000000e+00  -1.9180271e+00
   6.8268268e-01   1.0000000e+00  -1.9176216e+00
   6.8468468e-01   1.0000000e+00  -1.9172561e+00
   6.8668669e-01   1.0000000e+00  -1.9169300e+00
   6.8868869e-01   1.0000000e+00  -1.9166427e+00
   6.9069069e-01   1.0000000e+00  -1.9163936e+00
   6.9269269e-01   1.0000000e+00  -1.9161822e+00
   6.9469469e-01   1.0000000e+00  -1.9160079e+00
   6.9669670e-01   1.0000000e+00  -1.9158700e+00
   6.9869870e-01   1.0000000e+00  -1.9157680e+00
   7.0070070e-01   1.0000000e+00  -1.9157013e+00
   7.0270270e-01   1.0000000e+00  -1.9156693e+00
   7.0470470e-01   1.0000000e+00  -1.9156713e+00
   7.0670671e-01   1.0000000e+00  -1.9157068e+00
   7.0870871e-01   1.0000000e+00  -1.9157751e+00
   7.1071071e-01   1.0000000e+00  -1.9158757e+00
   7.1271271e-01   1.0000000e+00  -1.9160079e+00
   7.1471471e-01   1.0000000e+00  -1.9161711e+00
   7.1671672e-01   1.0000000e+00  -1.9163647e+00
   7.1871872e-01   1.0000000e+00  -1.9165880e+00
   7.2072072e-01   1.0000000e+00  -1.9168405e+00
   7.2272272e-01   1.0000000e+00  -1.9171215e+00
   7.2472472e-01   1.0000000e+00  -1.9174304e+00
   7.2672673e-01   1.0000000e+00  -1.9177666e+00
   7.2872873e-01   1.0000000e+00  -1.9181294e+00
   7.3073073e-01   1.0000000e+00  -1.9185183e+00
   7.3273273e-01   1.0000000e+00  -1.9189326e+00
   7.3473473e-01   1.0000000e+00  -1.9193717e+00
   7.3673674e-01   1.0000000e+00  -1.9198350e+00
   7.3873874e-01   1.0000000e+00  -1.9203219e+00
   7.4074074e-01   1.0000000e+00  -1.9208317e+00
   7.4274274e-01   1.0000000e+00  -1.9213639e+00
   7.4474474e-01   1.0000000e+00  -1.9219178e+00
   7.4674675e-01   1.0000000e+00  -1.9224928e+00
   7.4874875e-01   1.0000000e+00  -1.9230883e+00
   7.5075075e-01   1.0000000e+00  -1.9237037e+00
   7.5275275e-01   1.0000000e+00  -1.9243385e+00
   7.5475475e-01   1.0000000e+00  -1.9249920e+00
   7.5675676e-01   1.0000000e+00  -1.9256636e+00
   7.5875876e-01   1.0000000e+00  -1.9263527e+00
   7.6076076e-01   1.0000000e+00  -1.9270588e+00
   7.6276276e-01   1.0000000e+00  -1.9277812e+00
   7.6476476e-01   1.0000000e+00  -1.9285195e+00
   7.6676677e-01   1.0000000e+00  -1.9292729e+00
   7.6876877e-01   1.0000000e+00  -1.9300410e+00
   7.7077077e-01   1.0000000e+00  -1.9308232e+00
   7.7277277e-01   1.0000000e+00  -1.9316188e+00
   7.7477477e-01   1.0000000e+00  -1.9324274e+00
   7.7677678e-01   1.0000000e+00  -1.9332484e+00
   7.7877878e-01   1.0000000e+00  -1.9340813e+00
   7.8078078e-01   1.0000000e+00  -1.9349255e+00
   7.8278278e-01   1.0000000e+00  -1.9357804e+00
   7.8478478e-01   1.0000000e+00  -1.9366456e+00
   7.8678679e-01   1.0000000e+00  -1.9375206e+00
   7.8878879e-01   1.0000000e+00  -1.9384047e+00
   7.9079079e-01   1.0000000e+00  -1.9392974e+00
   7.9279279e-01   1.0000000e+00  -1.9401984e+00
   7.9479479e-01   1.0000000e+00  -1.9411070e+00
   7.9679680e-01   1.0000000e+00  -1.9420228e+00
   7.9879880e-01   1.0000000e+00  -1.9429452e+00
   8.0080080e-01   1.0000000e+00  -1.9438739e+00
   8.0280280e-01   1.0000000e+00  -1.9448082e+00
   8.0480480e-01   1.0000000e+00  -1.9457478e+00
   8.0680681e-01   1.0000000e+00  -1.9466922e+00
   8.0880881e-01   1.0000000e+00  -1.9476409e+00
   8.1081081e-01   1.0000000e+00  -1.9485934e+00
   8.1281281e-01   1.0000000e+00  -1.9495494e+00
   8.1481481e-01   1.0000000e+00  -1.9505083e+00
   8.1681682e-01   1.0000000e+00  -1.9514697e+00
   8.1881882e-01   1.0000000e+00  -1.9524333e+00
   8.2082082e-01   1.0000000e+00  -1.9533985e+00
   8.2282282e-01   1.0000000e+00  -1.9543650e+00
   8.2482482e-01   1.0000000e+00  -1.9553324e+00
   8.2682683e-01   1.0000000e+00  -1.9563003e+00
   8.2882883e-01   1.0000000e+00  -1.9572682e+00
   8.3083083e-01   1.0000000e+00  -1.9582358e+00
   8.3283283e-01   1.0000000e+00  -1.9592028e+00
   8.3483483e-01   1.0000000e+00  -1.9601686e+00
   8.3683684e-01   1.0000000e+00  -1.9611331e+00
   8.3883884e-01   1.0000000e+00  -1.9620957e+00
   8.4084084e-01   1.0000000e+00  -1.9630562e+00
   8.4284284e-01   1.0000000e+00  -1.9640143e+00
   8.4484484e-01   1.0000000e+00  -1.9649695e+00
   8.4684685e-01   1.0000000e+00  -1.9659216e+00
   8.4884885e-01   1.0000000e+00  -1.9668702e+00
   8.5085085e-01   1.0000000e+00  -1.9678151e+00
   8.5285285e-01   1.0000000e+00  -1.9687558e+00
   8.5485485e-01   1.0000000e+00  -1.9696922e+00
   8.5685686e-01   1.0000000e+00  -1.9706239e+00
   8.5885886e-01   1.0000000e+00  -1.9715506e+00
   8.6086086e-01   1.0000000e+00  -1.9724720e+00
   8.6286286e-01   1.0000000e+00  -1.9733880e+00
   8.6486486e-01   1.0000000e+00  -1.9742981e+00
   8.6686687e-01   1.0000000e+00  -1.9752023e+00
   8.6886887e-01   1.0000000e+00  -1.9761001e+00
   8.7087087e-01   1.0000000e+00  -1.9769914e+00
   8.7287287e-01   1.0000000e+00  -1.9778759e+00
   8.7487487e-01   1.0000000e+00  -1.9787534e+00
   8.7687688e-01   1.0000000e+00  -1.9796236e+00
   8.7887888e-01   1.0000000e+00  -1.9804865e+00
   8.8088088e-01   1.0000000e+00  -1.9813416e+00
   8.8288288e-01   1.0000000e+00  -1.9821889e+00
   8.8488488e-01   1.0000000e+00  -1.9830282e+00
   8.8688689e-01   1.0000000e+00  -1.9838592e+00
   8.8888889e-01   1.0000000e+00  -1.9846818e+00
   8.9089089e-01   1.0000000e+00  -1.9854957e+00
   8.9289289e-01   1.0000000e+00  -1.9863009e+00
   8.9489489e-01   1.0000000e+00  -1.9870972e+00
   8.9689690e-01   1.0000000e+00  -1.9878844e+00
   8.9889890e-01   1.0000000e+00  -1.9886623e+00
   9.0090090e-01   1.0000000e+00  -1.9894308e+00
   9.0290290e-01   1.0000000e+00  -1.9901899e+00
   9.0490490e-01   1.0000000e+00  -1.9909392e+00
   9.0690691e-01   1.0000000e+00  -1.9916788e+00
   9.0890891e-01   1.0000000e+00  -1.9924085e+00
   9.1091091e-01   1.0000000e+00  -1.9931281e+00
   9.1291291e-01   1.0000000e+00  -1.9938377e+00
   9.1491491e-01   1.0000000e+00  -1.9945370e+00
   9.1691692e-01   1.0000000e+00  -1.9952260e+00
   9.1891892e-01   1.0000000e+00  -1.9959046e+00
   9.2092092e-01   1.0000000e+00  -1.9965727e+00
   9.2292292e-01   1.0000000e+00  -1.9972302e+00
   9.2492492e-01   1.0000000e+00  -1.9978771e+00
   9.2692693e-01   1.0000000e+00  -1.9985133e+00
   9.2892893e-01   1.0000000e+00  -1.9991387e+00
   9.3093093e-01   1.0000000e+00  -1.9997533e+00
   9.3293293e-01   1.0000000e+00  -2.0003570e+00
   9.3493493e-01   1.0000000e+00  -2.0009498e+00
   9.3693694e-01   1.0000000e+00  -2.0015316e+00
   9.3893894e-01   1.0000000e+00  -2.0021024e+00
   9.4094094e-01   1.0000000e+00  -2.0026622e+00
   9.4294294e-01   1.0000000e+00  -2.0032110e+00
   9.4494494e-01   1.0000000e+00  -2.0037486e+00
   9.4694695e-01   1.0000000e+00  -2.0042752e+00
   9.4894895e-01   1.0000000e+00  -2.0047907e+00
   9.5095095e-01   1.0000000e+00  -2.0052951e+00
   9.5295295e-01   1.0000000e+00  -2.0057883e+00
   9.5495495e-01   1.0000000e+00  -2.0062705e+00
   9.5695696e-01   1.0000000e+00  -2.0067415e+00
   9.5895896e-01   1.0000000e+00  -2.0072015e+00
   9.6096096e-01   1.0000000e+00  -2.0076504e+00
   9.6296296e-01   1.0000000e+00  -2.0080882e+00
   9.6496496e-01   1.0000000e+00  -2.0085151e+00
   9.6696697e-01   1.0000000e+00  -2.0089309e+00
   9.6896897e-01   1.0000000e+00  -2.0093357e+00
   9.7097097e-01   1.0000000e+00  -2.0097296e+00
   9.7297297e-01   1.0000000e+00  -2.0101126e+00
   9.7497497e-01   1.0000000e+00  -2.0104847e+00
   9.7697698e-01   1.0000000e+00  -2.0108461e+00
   9.7897898e-01   1.0000000e+00  -2.0111966e+00
   9.8098098e-01   1.0000000e+00  -2.0115365e+00
   9.8298298e-01   1.0000000e+00  -2.0118657e+00
   9.8498498e-01   1.0000000e+00  -2.0121843e+00
   9.8698699e-01   1.0000000e+00  -2.0124924e+00
   9.8898899e-01   1.0000000e+00  -2.0127900e+00
   9.9099099e-01   1.0000000e+00  -2.0130773e+00
   9.9299299e-01   1.0000000e+00  -2.0133542e+00
   9.9499499e-01   1.0000000e+00  -2.0136208e+00
   9.9699700e-01   1.0000000e+00  -2.0138773e+00
   9.9899900e-01   1.0000000e+00  -2.0141237e+00
   1.0010010e+00   1.0000000e+00  -2.0143601e+00
   1.0030030e+00   1.0000000e+00  -2.0145866e+00
   1.0050050e+00   1.0000000e+00  -2.0148032e+00
   1.0070070e+00   1.0000000e+00  -2.0150101e+00
   1.0090090e+00   1.0000000e+00  -2.0152073e+00
   1.0110110e+00   1.0000000e+00  -2.0153950e+00
   1.0130130e+00   1.0000000e+00  -2.0155732e+00
   1.0150150e+00   1.0000000e+00  -2.0157420e+00
   1.0170170e+00   1.0000000e+00  -2.0159015e+00
   1.0190190e+00   1.0000000e+00  -2.0160519e+00
   1.0210210e+00   1.0000000e+00  -2.0161933e+00
   1.0230230e+00   1.0000000e+00  -2.0163256e+00
   1.0250250e+00   1.0000000e+00  -2.0164492e+00
   1.0270270e+00   1.0000000e+00  -2.0165640e+00
   1.0290290e+00   1.0000000e+00  -2.0166701e+00
   1.0310310e+00   1.0000000e+00  -2.0167678e+00
   1.0330330e+00   1.0000000e+00  -2.0168570e+00
   1.0350350e+00   1.0000000e+00  -2.0169379e+00
   1.0370370e+00   1.0000000e+00  -2.0170107e+00
   1.0390390e+00   1.0000000e+00  -2.0170754e+00
   1.0410410e+00   1.0000000e+00  -2.0171322e+00
   1.0430430e+00   1.0000000e+00  -2.0171812e+00
   1.0450450e+00   1.0000000e+00  -2.0172225e+00
   1.0470470e+00   1.0000000e+00  -2.0172561e+00
   1.0490490e+00   1.0000000e+00  -2.0172824e+00
   1.0510511e+00   1.0000000e+00  -2.0173013e+00
   1.0530531e+00   1.0000000e+00  -2.0173130e+00
   1.0550551e+00   1.0000000e+00  -2.0173176e+00
   1.0570571e+00   1.0000000e+00  -2.0173152e+00
   1.0590591e+00   1.0000000e+00  -2.0173060e+00
   1.0610611e+00   1.0000000e+00  -2.0172901e+00
   1.0630631e+00   1.0000000e+00  -2.0172676e+00
   1.0650651e+00   1.0000000e+00  -2.0172387e+00
   1.0670671e+00   1.0000000e+00  -2.0172034e+00
   1.0690691e+00   1.0000000e+00  -2.0171619e+00
   1.0710711e+00   1.0000000e+00  -2.0171144e+00
   1.0730731e+00   1.0000000e+00  -2.0170609e+00
   1.0750751e+00   1.0000000e+00  -2.0170016e+00
   1.0770771e+00   1.0000000e+00  -2.0169365e+00
   1.0790791e+00   1.0000000e+00  -2.0168660e+00
   1.0810811e+00   1.0000000e+00  -2.0167899e+00
   1.0830831e+00   1.0000000e+00  -2.0167086e+00
   1.0850851e+00   1.0000000e+00  -2.0166221e+00
   1.0870871e+00   1.0000000e+00  -2.0165305e+00
   1.0890891e+00   1.0000000e+00  -2.0164340e+00
   1.0910911e+00   1.0000000e+00  -2.0163327e+00
   1.0930931e+00   1.0000000e+00  -2.0162267e+00
   1.0950951e+00   1.0000000e+00  -2.0161162e+00
   1.0970971e+00   1.0000000e+00  -2.0160012e+00
   1.0990991e+00   1.0000000e+00  -2.0158819e+00
   1.1011011e+00   1.0000000e+00  -2.0157585e+00
   1.1031031e+00   1.0000000e+00  -2.0156310e+00
   1.1051051e+00   1.0000000e+00  -2.0154995e+00
   1.1071071e+00   1.0000000e+00  -2.0153643e+00
   1.1091091e+00   1.0000000e+00  -2.0152254e+00
   1.1111111e+00   1.0000000e+00  -2.0150829e+00
   1.1131131e+00   1.0000000e+00  -2.0149369e+00
   1.1151151e+00   1.0000000e+00  -2.0147876e+00
   1.1171171e+00   1.0000000e+00  -2.0146352e+00
   1.1191191e+00   1.0000000e+00  -2.0144796e+00
   1.1211211e+00   1.0000000e+00  -2.0143210e+00
   1.1231231e+00   1.0000000e+00  -2.0141596e+00
   1.1251251e+00   1.0000000e+00  -2.0139955e+00
   1.1271271e+00   1.0000000e+00  -2.0138287e+00
   1.1291291e+00   1.0000000e+00  -2.0136594e+00
   1.1311311e+00   1.0000000e+00  -2.0134877e+00
   1.1331331e+00   1.0000000e+00  -2.0133138e+00
   1.1351351e+00   1.0000000e+00  -2.0131376e+00
   1.1371371e+00   1.0000000e+00  -2.0129594e+00
   1.1391391e+00   1.0000000e+00  -2.0127792e+00
   1.1411411e+00   1.0000000e+00  -2.0125971e+00
   1.1431431e+00   1.0000000e+00  -2.0124133e+00
   1.1451451e+00   1.0000000e+00  -2.0122278e+00
   1.1471471e+00   1.0000000e+00  -2.0120408e+00
   1.1491491e+00   1.0000000e+00  -2.0118524e+00
   1.1511512e+00   1.0000000e+00  -2.0116626e+00
   1.1531532e+00   1.0000000e+00  -2.0114716e+00
   1.1551552e+00   1.0000000e+00  -2.0112794e+00
   1.1571572e+00   1.0000000e+00  -2.0110862e+00
   1.1591592e+00   1.0000000e+00  -2.0108920e+00
   1.1611612e+00   1.0000000e+00  -2.0106970e+00
   1.1631632e+00   1.0000000e+00  -2.0105011e+00
   1.1651652e+00   1.0000000e+00  -2.0103047e+00
   1.1671672e+00   1.0000000e+00  -2.0101076e+00
   1.1691692e+00   1.0000000e+00  -2.0099100e+00
   1.1711712e+00   1.0000000e+00  -2.0097121e+00
   1.1731732e+00   1.0000000e+00  -2.0095138e+00
   1.1751752e+00   1.0000000e+00  -2.0093153e+00
   1.1771772e+00   1.0000000e+00  -2.0091166e+00
   1.1791792e+00   1.0000000e+00  -2.0089178e+00
   1.1811812e+00   1.0000000e+00  -2.0087191e+00
   1.1831832e+00   1.0000000e+00  -2.0085204e+00
   1.1851852e+00   1.0000000e+00  -2.0083219e+00
   1.1871872e+00   1.0000000e+00  -2.0081236e+00
   1.1891892e+00   1.0000000e+00  -2.0079257e+00
   1.1911912e+00   1.0000000e+00  -2.0077281e+00
   1.1931932e+00   1.0000000e+00  -2.0075310e+00
   1.1951952e+00   1.0000000e+00  -2.0073344e+00
   1.1971972e+00   1.0000000e+00  -2.0071385e+00
   1.1991992e+00   1.0000000e+00  -2.0069432e+00
   1.2012012e+00   1.0000000e+00  -2.0067486e+00
   1.2032032e+00   1.0000000e+00  -2.0065548e+00
   1.2052052e+00   1.0000000e+00  -2.0063618e+00
   1.2072072e+00   1.0000000e+00  -2.0061698e+00
   1.2092092e+00   1.0000000e+00  -2.0059788e+00
   1.2112112e+00   1.0000000e+00  -2.0057888e+00
   1.2132132e+00   1.0000000e+00  -2.0055999e+00
   1.2152152e+00   1.0000000e+00  -2.0054121e+00
   1.2172172e+00   1.0000000e+00  -2.0052256e+00
   1.2192192e+00   1.0000000e+00  -2.0050403e+00
   1.2212212e+00   1.0000000e+00  -2.0048563e+00
   1.2232232e+00   1.0000000e+00  -2.0046736e+00
   1.2252252e+00   1.0000000e+00  -2.0044924e+00
   1.2272272e+00   1.0000000e+00  -2.0043126e+00
   1.2292292e+00   1.0000000e+00  -2.0041344e+00
   1.2312312e+00   1.0000000e+00  -2.0039576e+00
   1.2332332e+00   1.0000000e+00  -2.0037825e+00
   1.2352352e+00   1.0000000e+00  -2.0036089e+00
   1.2372372e+00   1.0000000e+00  -2.0034371e+00
   1.2392392e+00   1.0000000e+00  -2.0032669e+00
   1.2412412e+00   1.0000000e+00  -2.0030985e+00
   1.2432432e+00   1.0000000e+00  -2.0029318e+00
   1.2452452e+00   1.0000000e+00  -2.0027670e+00
   1.2472472e+00   1.0000000e+00  -2.0026040e+00
   1.2492492e+00   1.0000000e+00  -2.0024429e+00
   1.2512513e+00   1.0000000e+00  -2.0022837e+00
   1.2532533e+00   1.0000000e+00  -2.0021264e+00
   1.2552553e+00   1.0000000e+00  -2.0019711e+00
   1.2572573e+00   1.0000000e+00  -2.0018178e+00
   1.2592593e+00   1.0000000e+00  -2.0016665e+00
   1.2612613e+00   1.0000000e+00  -2.0015172e+00
   1.2632633e+00   1.0000000e+00  -2.0013700e+00
   1.2652653e+00   1.0000000e+00  -2.0012249e+00
   1.2672673e+00   1.0000000e+00  -2.0010819e+00
   1.2692693e+00   1.0000000e+00  -2.0009410e+00
   1.2712713e+00   1.0000000e+00  -2.0008023e+00
   1.2732733e+00   1.0000000e+00  -2.0006657e+00
   1.2752753e+00   1.0000000e+00  -2.0005313e+00
   1.2772773e+00   1.0000000e+00  -2.0003991e+00
   1.2792793e+00   1.0000000e+00  -2.0002691e+00
   1.2812813e+00   1.0000000e+00  -2.0001412e+00
   1.2832833e+00   1.0000000e+00  -2.0000157e+00
   1.2852853e+00   1.0000000e+00  -1.9998923e+00
   1.2872873e+00   1.0000000e+00  -1.9997712e+00
   1.2892893e+00   1.0000000e+00  -1.9996524e+00
   1.2912913e+00   1.0000000e+00  -1.9995358e+00
   1.2932933e+00   1.0000000e+00  -1.9994215e+00
   1.2952953e+00   1.0000000e+00  -1.9993094e+00
   1.2972973e+00   1.0000000e+00  -1.9991997e+00
   1.2992993e+00   1.0000000e+00  -1.9990922e+00
   1.3013013e+00   1.0000000e+00  -1.9989870e+00
   1.3033033e+00   1.0000000e+00  -1.9988840e+00
   1.3053053e+00   1.0000000e+00  -1.9987834e+00
   1.3073073e+00   1.0000000e+00  -1.9986850e+00
   1.3093093e+00   1.0000000e+00  -1.9985889e+00
   1.3113113e+00   1.0000000e+00  -1.9984951e+00
   1.3133133e+00   1.0000000e+00  -1.9984036e+00
   1.3153153e+00   1.0000000e+00  -1.9983143e+00
   1.3173173e+00   1.0000000e+00  -1.9982273e+00
   1.3193193e+00   1.0000000e+00  -1.9981425e+00
   1.3213213e+00   1.0000000e+00  -1.9980600e+00
   1.3233233e+00   1.0000000e+00  -1.9979798e+00
   1.3253253e+00   1.0000000e+00  -1.9979018e+00
   1.3273273e+00   1.0000000e+00  -1.9978260e+00
   1.3293293e+00   1.0000000e+00  -1.9977524e+00
   1.3313313e+00   1.0000000e+00  -1.9976810e+00
   1.3333333e+00   1.0000000e+00  -1.9976118e+00
   1.3353353e+00   1.0000000e+00  -1.9975449e+00
   1.3373373e+00   1.0000000e+00  -1.9974800e+00
   1.3393393e+00   1.0000000e+00  -1.9974174e+00
   1.3413413e+00   1.0000000e+00  -1.9973569e+00
   1.3433433e+00   1.0000000e+00  -1.9972985e+00
   1.3453453e+00   1.0000000e+00  -1.9972422e+00
   1.3473473e+00   1.0000000e+00  -1.9971880e+00
   1.3493493e+00   1.0000000e+00  -1.9971359e+00
   1.3513514e+00   1.0000000e+00  -1.9970859e+00
   1.3533534e+00   1.0000000e+00  -1.9970380e+00
   1.3553554e+00   1.0000000e+00  -1.9969920e+00
   1.3573574e+00   1.0000000e+00  -1.9969481e+00
   1.3593594e+00   1.0000000e+00  -1.9969062e+00
   1.3613614e+00   1.0000000e+00  -1.9968662e+00
   1.3633634e+00   1.0000000e+00  -1.9968282e+00
   1.3653654e+00   1.0000000e+00  -1.9967922e+00
   1.3673674e+00   1.0000000e+00  -1.9967581e+00
   1.3693694e+00   1.0000000e+00  -1.9967258e+00
   1.3713714e+00   1.0000000e+00  -1.9966955e+00
   1.3733734e+00   1.0000000e+00  -1.9966670e+00
   1.3753754e+00   1.0000000e+00  -1.9966403e+00
   1.3773774e+00   1.0000000e+00  -1.9966154e+00
   1.3793794e+00   1.0000000e+00  -1.9965924e+00
   1.3813814e+00   1.0000000e+00  -1.9965711e+00
   1.3833834e+00   1.0000000e+00  -1.9965515e+00
   1.3853854e+00   1.0000000e+00  -1.9965336e+00
   1.3873874e+00   1.0000000e+00  -1.9965175e+00
   1.3893894e+00   1.0000000e+00  -1.9965030e+00
   1.3913914e+00   1.0000000e+00  -1.9964902e+00
   1.3933934e+00   1.0000000e+00  -1.9964790e+00
   1.3953954e+00   1.0000000e+00  -1.9964694e+00
   1.3973974e+00   1.0000000e+00  -1.9964613e+00
   1.3993994e+00   1.0000000e+00  -1.9964549e+00
   1.4014014e+00   1.0000000e+00  -1.9964499e+00
   1.4034034e+00   1.0000000e+00  -1.9964464e+00
   1.4054054e+00   1.0000000e+00  -1.9964444e+00
   1.4074074e+00   1.0000000e+00  -1.9964439e+00
   1.4094094e+00   1.0000000e+00  -1.9964448e+00
   1.4114114e+00   1.0000000e+00  -1.9964471e+00
   1.4134134e+00   1.0000000e+00  -1.9964507e+00
   1.4154154e+00   1.0000000e+00  -1.9964557e+00
   1.4174174e+00   1.0000000e+00  -1.9964620e+00
   1.4194194e+00   1.0000000e+00  -1.9964696e+00
   1.4214214e+00   1.0000000e+00  -1.9964785e+00
   1.4234234e+00   1.0000000e+00  -1.9964886e+00
   1.4254254e+00   1.0000000e+00  -1.9964999e+00
   1.4274274e+00   1.0000000e+00  -1.9965124e+00
   1.4294294e+00   1.0000000e+00  -1.9965261e+00
   1.4314314e+00   1.0000000e+00  -1.9965409e+00
   1.4334334e+00   1.0000000e+00  -1.9965568e+00
   1.4354354e+00   1.0000000e+00  -1.9965738e+00
   1.4374374e+00   1.0000000e+00  -1.9965919e+00
   1.4394394e+00   1.0000000e+00  -1.9966110e+00
   1.4414414e+00   1.0000000e+00  -1.9966311e+00
   1.4434434e+00   1.0000000e+00  -1.9966522e+00
   1.4454454e+00   1.0000000e+00  -1.9966742e+00
   1.4474474e+00   1.0000000e+00  -1.9966971e+00
   1.4494494e+00   1.0000000e+00  -1.9967210e+00
   1.4514515e+00   1.0000000e+00  -1.9967457e+00
   1.4534535e+00   1.0000000e+00  -1.9967713e+00
   1.4554555e+00   1.0000000e+00  -1.9967977e+00
   1.4574575e+00   1.0000000e+00  -1.9968249e+00
   1.4594595e+00   1.0000000e+00  -1.9968529e+00
   1.4614615e+00   1.0000000e+00  -1.9968817e+00
   1.4634635e+00   1.0000000e+00  -1.9969111e+00
   1.4654655e+00   1.0000000e+00  -1.9969413e+00
   1.4674675e+00   1.0000000e+00  -1.9969721e+00
   1.4694695e+00   1.0000000e+00  -1.9970036e+00
   1.4714715e+00   1.0000000e+00  -1.9970357e+00
   1.4734735e+00   1.0000000e+00  -1.9970685e+00
   1.4754755e+00   1.0000000e+00  -1.9971018e+00
   1.4774775e+00   1.0000000e+00  -1.9971356e+00
   1.4794795e+00   1.0000000e+00  -1.9971700e+00
   1.4814815e+00   1.0000000e+00  -1.9972049e+00
   1.4834835e+00   1.0000000e+00  -1.9972403e+00
   1.4854855e+00   1.0000000e+00  -1.9972762e+00
   1.4874875e+00   1.0000000e+00  -1.9973125e+00
   1.4894895e+00   1.0000000e+00  -1.9973492e+00
   1.4914915e+00   1.0000000e+00  -1.9973863e+00
   1.4934935e+00   1.0000000e+00  -1.9974238e+00
   1.4954955e+00   1.0000000e+00  -1.9974616e+00
   1.4974975e+00   1.0000000e+00  -1.9974998e+00
   1.4994995e+00   1.0000000e+00  -1.9975383e+00
   1.5015015e+00   1.0000000e+00  -1.9975771e+00
   1.5035035e+00   1.0000000e+00  -1.9976161e+00
   1.5055055e+00   1.0000000e+00  -1.9976554e+00
   1.5075075e+00   1.0000000e+00  -1.9976949e+00
   1.5095095e+00   1.0000000e+00  -1.9977347e+00
   1.5115115e+00   1.0000000e+00  -1.9977746e+00
   1.5135135e+00   1.0000000e+00  -1.9978147e+00
   1.5155155e+00   1.0000000e+00  -1.9978549e+00
   1.5175175e+00   1.0000000e+00  -1.9978953e+00
   1.5195195e+00   1.0000000e+00  -1.9979358e+00
   1.5215215e+00   1.0000000e+00  -1.9979764e+00
   1.5235235e+00   1.0000000e+00  -1.9980171e+00
   1.5255255e+00   1.0000000e+00  -1.9980578e+00
   1.5275275e+00   1.0000000e+00  -1.9980986e+00
   1.5295295e+00   1.0000000e+00  -1.9981394e+00
   1.5315315e+00   1.0000000e+00  -1.9981802e+00
   1.5335335e+00   1.0000000e+00  -1.9982210e+00
   1.5355355e+00   1.0000000e+00  -1.9982618e+00
   1.5375375e+00   1.0000000e+00  -1.9983026e+00
   1.5395395e+00   1.0000000e+00  -1.9983433e+00
   1.5415415e+00   1.0000000e+00  -1.9983839e+00
   1.5435435e+00   1.0000000e+00  -1.9984244e+00
   1.5455455e+00   1.0000000e+00  -1.9984649e+00
   1.5475475e+00   1.0000000e+00  -1.9985052e+00
   1.5495495e+00   1.0000000e+00  -1.9985454e+00
   1.5515516e+00   1.0000000e+00  -1.9985855e+00
   1.5535536e+00   1.0000000e+00  -1.9986254e+00
   1.5555556e+00   1.0000000e+00  -1.9986651e+00
   1.5575576e+00   1.0000000e+00  -1.9987047e+00
   1.5595596e+00   1.0000000e+00  -1.9987441e+00
   1.5615616e+00   1.0000000e+00  -1.9987832e+00
   1.5635636e+00   1.0000000e+00  -1.9988222e+00
   1.5655656e+00   1.0000000e+00  -1.9988609e+00
   1.5675676e+00   1.0000000e+00  -1.9988994e+00
   1.5695696e+00   1.0000000e+00  -1.9989376e+00
   1.5715716e+00   1.0000000e+00  -1.9989756e+00
   1.5735736e+00   1.0000000e+00  -1.9990133e+00
   1.5755756e+00   1.0000000e+00  -1.9990508e+00
   1.5775776e+00   1.0000000e+00  -1.9990879e+00
   1.5795796e+00   1.0000000e+00  -1.9991247e+00
   1.5815816e+00   1.0000000e+00  -1.9991612e+00
   1.5835836e+00   1.0000000e+00  -1.9991974e+00
   1.5855856e+00   1.0000000e+00  -1.9992333e+00
   1.5875876e+00   1.0000000e+00  -1.9992689e+00
   1.5895896e+00   1.0000000e+00  -1.9993040e+00
   1.5915916e+00   1.0000000e+00  -1.9993389e+00
   1.5935936e+00   1.0000000e+00  -1.9993734e+00
   1.5955956e+00   1.0000000e+00  -1.9994075e+00
   1.5975976e+00   1.0000000e+00  -1.9994412e+00
   1.5995996e+00   1.0000000e+00  -1.9994746e+00
   1.6016016e+00   1.0000000e+00  -1.9995076e+00
   1.6036036e+00   1.0000000e+00  -1.9995402e+00
   1.6056056e+00   1.0000000e+00  -1.9995723e+00
   1.6076076e+00   1.0000000e+00  -1.9996041e+00
   1.6096096e+00   1.0000000e+00  -1.9996355e+00
   1.6116116e+00   1.0000000e+00  -1.9996664e+00
   1.6136136e+00   1.0000000e+00  -1.9996970e+00
   1.6156156e+00   1.0000000e+00  -1.9997271e+00
   1.6176176e+00   1.0000000e+00  -1.9997567e+00
   1.6196196e+00   1.0000000e+00  -1.9997860e+00
   1.6216216e+00   1.0000000e+00  -1.9998148e+00
   1.6236236e+00   1.0000000e+00  -1.9998432e+00
   1.6256256e+00   1.0000000e+00  -1.9998711e+00
   1.6276276e+00   1.0000000e+00  -1.9998986e+00
   1.6296296e+00   1.0000000e+00  -1.9999256e+00
   1.6316316e+00   1.0000000e+00  -1.9999522e+00
   1.6336336e+00   1.0000000e+00  -1.9999783e+00
   1.6356356e+00   1.0000000e+00  -2.0000039e+00
   1.6376376e+00   1.0000000e+00  -2.0000291e+00
   1.6396396e+00   1.0000000e+00  -2.0000539e+00
   1.6416416e+00   1.0000000e+00  -2.0000781e+00
   1.6436436e+00   1.0000000e+00  -2.0001020e+00
   1.6456456e+00   1.0000000e+00  -2.0001253e+00
   1.6476476e+00   1.0000000e+00  -2.0001482e+00
   1.6496496e+00   1.0000000e+00  -2.0001706e+00
   1.6516517e+00   1.0000000e+00  -2.0001925e+00
   1.6536537e+00   1.0000000e+00  -2.0002140e+00
   1.6556557e+00   1.0000000e+00  -2.0002350e+00
   1.6576577e+00   1.0000000e+00  -2.0002555e+00
   1.6596597e+00   1.0000000e+00  -2.0002756e+00
   1.6616617e+00   1.0000000e+00  -2.0002952e+00
   1.6636637e+00   1.0000000e+00  -2.0003143e+00
   1.6656657e+00   1.0000000e+00  -2.0003330e+00
   1.6676677e+00   1.0000000e+00  -2.0003512e+00
   1.6696697e+00   1.0000000e+00  -2.0003689e+00
   1.6716717e+00   1.0000000e+00  -2.0003862e+00
   1.6736737e+00   1.0000000e+00  -2.0004030e+00
   1.6756757e+00   1.0000000e+00  -2.0004194e+00
   1.6776777e+00   1.0000000e+00  -2.0004353e+00
   1.6796797e+00   1.0000000e+00  -2.0004507e+00
   1.6816817e+00   1.0000000e+00  -2.0004657e+00
   1.6836837e+00   1.0000000e+00  -2.0004802e+00
   1.6856857e+00   1.0000000e+00  -2.0004943e+00
   1.6876877e+00   1.0000000e+00  -2.0005079e+00
   1.6896897e+00   1.0000000e+00  -2.0005211e+00
   1.6916917e+00   1.0000000e+00  -2.0005339e+00
   1.6936937e+00   1.0000000e+00  -2.0005462e+00
   1.6956957e+00   1.0000000e+00  -2.0005580e+00
   1.6976977e+00   1.0000000e+00  -2.0005695e+00
   1.6996997e+00   1.0000000e+00  -2.0005805e+00
   1.7017017e+00   1.0000000e+00  -2.0005910e+00
   1.7037037e+00   1.0000000e+00  -2.0006012e+00
   1.7057057e+00   1.0000000e+00  -2.0006109e+00
   1.7077077e+00   1.0000000e+00  -2.0006202e+00
   1.7097097e+00   1.0000000e+00  -2.0006292e+00
   1.7117117e+00   1.0000000e+00  -2.0006376e+00
   1.7137137e+00   1.0000000e+00  -2.0006457e+00
   1.7157157e+00   1.0000000e+00  -2.0006534e+00
   1.7177177e+00   1.0000000e+00  -2.0006607e+00
   1.7197197e+00   1.0000000e+00  -2.0006676e+00
   1.7217217e+00   1.0000000e+00  -2.0006741e+00
   1.7237237e+00   1.0000000e+00  -2.0006803e+00
   1.7257257e+00   1.0000000e+00  -2.0006860e+00
   1.7277277e+00   1.0000000e+00  -2.0006914e+00
   1.7297297e+00   1.0000000e+00  -2.0006964e+00
   1.7317317e+00   1.0000000e+00  -2.0007010e+00
   1.7337337e+00   1.0000000e+00  -2.0007053e+00
   1.7357357e+00   1.0000000e+00  -2.0007092e+00
   1.7377377e+00   1.0000000e+00  -2.0007128e+00
   1.7397397e+00   1.0000000e+00  -2.0007160e+00
   1.7417417e+00   1.0000000e+00  -2.0007189e+00
   1.7437437e+00   1.0000000e+00  -2.0007214e+00
   1.7457457e+00   1.0000000e+00  -2.0007236e+00
   1.7477477e+00   1.0000000e+00  -2.0007255e+00
   1.7497497e+00   1.0000000e+00  -2.0007271e+00
   1.7517518e+00   1.0000000e+00  -2.0007283e+00
   1.7537538e+00   1.0000000e+00  -2.0007292e+00
   1.7557558e+00   1.0000000e+00  -2.0007299e+00
   1.7577578e+00   1.0000000e+00  -2.0007302e+00
   1.7597598e+00   1.0000000e+00  -2.0007302e+00
   1.7617618e+00   1.0000000e+00  -2.0007299e+00
   1.7637638e+00   1.0000000e+00  -2.0007294e+00
   1.7657658e+00   1.0000000e+00  -2.0007286e+00
   1.7677678e+00   1.0000000e+00  -2.0007275e+00
   1.7697698e+00   1.0000000e+00  -2.0007261e+00
   1.7717718e+00   1.0000000e+00  -2.0007245e+00
   1.7737738e+00   1.0000000e+00  -2.0007226e+00
   1.7757758e+00   1.0000000e+00  -2.0007204e+00
   1.7777778e+00   1.0000000e+00  -2.0007180e+00
   1.7797798e+00   1.0000000e+00  -2.0007154e+00
   1.7817818e+00   1.0000000e+00  -2.0007125e+00
   1.7837838e+00   1.0000000e+00  -2.0007094e+00
   1.7857858e+00   1.0000000e+00  -2.0007061e+00
   1.7877878e+00   1.0000000e+00  -2.0007025e+00
   1.7897898e+00   1.0000000e+00  -2.0006988e+00
   1.7917918e+00   1.0000000e+00  -2.0006948e+00
   1.7937938e+00   1.0000000e+00  -2.0006906e+00
   1.7957958e+00   1.0000000e+00  -2.0006862e+00
   1.7977978e+00   1.0000000e+00  -2.0006816e+00
   1.7997998e+00   1.0000000e+00  -2.0006769e+00
   1.8018018e+00   1.0000000e+00  -2.0006719e+00
   1.8038038e+00   1.0000000e+00  -2.0006668e+00
   1.8058058e+00   1.0000000e+00  -2.0006615e+00
   1.8078078e+00   1.0000000e+00  -2.0006560e+00
   1.8098098e+00   1.0000000e+00  -2.0006504e+00
   1.8118118e+00   1.0000000e+00  -2.0006446e+00
   1.8138138e+00   1.0000000e+00  -2.0006387e+00
   1.8158158e+00   1.0000000e+00  -2.0006326e+00
   1.8178178e+00   1.0000000e+00  -2.0006263e+00
   1.8198198e+00   1.0000000e+00  -2.0006200e+00
   1.8218218e+00   1.0000000e+00  -2.0006135e+00
   1.8238238e+00   1.0000000e+00  -2.0006068e+00
   1.8258258e+00   1.0000000e+00  -2.0006001e+00
   1.8278278e+00   1.0000000e+00  -2.0005932e+00
   1.8298298e+00   1.0000000e+00  -2.0005862e+00
   1.8318318e+00   1.0000000e+00  -2.0005791e+00
   1.8338338e+00   1.0000000e+00  -2.0005719e+00
   1.8358358e+00   1.0000000e+00  -2.0005646e+00
   1.8378378e+00   1.0000000e+00  -2.0005572e+00
   1.8398398e+00   1.0000000e+00  -2.0005498e+00
   1.8418418e+00   1.0000000e+00  -2.0005422e+00
   1.8438438e+00   1.0000000e+00  -2.0005346e+00
   1.8458458e+00   1.0000000e+00  -2.0005268e+00
   1.8478478e+00   1.0000000e+00  -2.0005191e+00
   1.8498498e+00   1.0000000e+00  -2.0005112e+00
   1.8518519e+00   1.0000000e+00  -2.0005033e+00
   1.8538539e+00   1.0000000e+00  -2.0004953e+00
   1.8558559e+00   1.0000000e+00  -2.0004873e+00
   1.8578579e+00   1.0000000e+00  -2.0004792e+00
   1.8598599e+00   1.0000000e+00  -2.0004711e+00
   1.8618619e+00   1.0000000e+00  -2.0004629e+00
   1.8638639e+00   1.0000000e+00  -2.0004547e+00
   1.8658659e+00   1.0000000e+00  -2.0004464e+00
   1.8678679e+00   1.0000000e+00  -2.0004382e+00
   1.8698699e+00   1.0000000e+00  -2.0004299e+00
   1.8718719e+00   1.0000000e+00  -2.0004215e+00
   1.8738739e+00   1.0000000e+00  -2.0004132e+00
   1.8758759e+00   1.0000000e+00  -2.0004048e+00
   1.8778779e+00   1.0000000e+00  -2.0003965e+00
   1.8798799e+00   1.0000000e+00  -2.0003881e+00
   1.8818819e+00   1.0000000e+00  -2.0003797e+00
   1.8838839e+00   1.0000000e+00  -2.0003713e+00
   1.8858859e+00   1.0000000e+00  -2.0003630e+00
   1.8878879e+00   1.0000000e+00  -2.0003546e+00
   1.8898899e+00   1.0000000e+00  -2.0003462e+00
   1.8918919e+00   1.0000000e+00  -2.0003379e+00
   1.8938939e+00   1.0000000e+00  -2.0003295e+00
   1.8958959e+00   1.0000000e+00  -2.0003212e+00
   1.8978979e+00   1.0000000e+00  -2.0003129e+00
   1.8998999e+00   1.0000000e+00  -2.0003046e+00
   1.9019019e+00   1.0000000e+00  -2.0002964e+00
   1.9039039e+00   1.0000000e+00  -2.0002882e+00
   1.9059059e+00   1.0000000e+00  -2.0002800e+00
   1.9079079e+00   1.0000000e+00  -2.0002718e+00
   1.9099099e+00   1.0000000e+00  -2.0002637e+00
   1.9119119e+00   1.0000000e+00  -2.0002556e+00
   1.9139139e+00   1.0000000e+00  -2.0002476e+00
   1.9159159e+00   1.0000000e+00  -2.0002396e+00
   1.9179179e+00   1.0000000e+00  -2.0002317e+00
   1.9199199e+00   1.0000000e+00  -2.0002238e+00
   1.9219219e+00   1.0000000e+00  -2.0002160e+00
   1.9239239e+00   1.0000000e+00  -2.0002082e+00
   1.9259259e+00   1.0000000e+00  -2.0002004e+00
   1.9279279e+00   1.0000000e+00  -2.0001928e+00
   1.9299299e+00   1.0000000e+00  -2.0001852e+00
   1.9319319e+00   1.0000000e+00  -2.0001776e+00
   1.9339339e+00   1.0000000e+00  -2.0001701e+00
   1.9359359e+00   1.0000000e+00  -2.0001627e+00
   1.9379379e+00   1.0000000e+00  -2.0001554e+00
   1.9399399e+00   1.0000000e+00  -2.0001481e+00
   1.9419419e+00   1.0000000e+00  -2.0001409e+00
   1.9439439e+00   1.0000000e+00  -2.0001338e+00
   1.9459459e+00   1.0000000e+00  -2.0001267e+00
   1.9479479e+00   1.0000000e+00  -2.0001197e+00
   1.9499499e+00   1.0000000e+00  -2.0001128e+00
   1.9519520e+00   1.0000000e+00  -2.0001060e+00
   1.9539540e+00   1.0000000e+00  -2.0000992e+00
   1.9559560e+00   1.0000000e+00  -2.0000926e+00
   1.9579580e+00   1.0000000e+00  -2.0000860e+00
   1.9599600e+00   1.0000000e+00  -2.0000795e+00
   1.9619620e+00   1.0000000e+00  -2.0000731e+00
   1.9639640e+00   1.0000000e+00  -2.0000667e+00
   1.9659660e+00   1.0000000e+00  -2.0000605e+00
   1.9679680e+00   1.0000000e+00  -2.0000543e+00
   1.9699700e+00   1.0000000e+00  -2.0000483e+00
   1.9719720e+00   1.0000000e+00  -2.0000423e+00
   1.9739740e+00   1.0000000e+00  -2.0000364e+00
   1.9759760e+00   1.0000000e+00  -2.0000306e+00
   1.9779780e+00   1.0000000e+00  -2.0000249e+00
   1.9799800e+00   1.0000000e+00  -2.0000193e+00
   1.9819820e+00   1.0000000e+00  -2.0000137e+00
   1.9839840e+00   1.0000000e+00  -2.0000083e+00
   1.9859860e+00   1.0000000e+00  -2.0000030e+00
   1.9879880e+00   1.0000000e+00  -1.9999977e+00
   1.9899900e+00   1.0000000e+00  -1.9999926e+00
   1.9919920e+00   1.0000000e+00  -1.9999875e+00
   1.9939940e+00   1.0000000e+00  -1.9999826e+00
   1.9959960e+00   1.0000000e+00  -1.9999777e+00
   1.9979980e+00   1.0000000e+00  -1.9999729e+00
   2.0000000e+00   1.0000000e+00  -1.9999683e+00
