  0.0000000e+000  2.0000000e+000  0.0000000e+000
  2.0020020e-003  2.0000000e+000  7.9837575e-004
  4.0040040e-003  2.0000000e+000  3.1804619e-003
  6.0060060e-003  2.0000000e+000  7.1263996e-003
  8.0080080e-003  2.0000000e+000  1.2615944e-002
  1.0010010e-002  2.0000000e+000  1.9628478e-002
  1.2012012e-002  2.0000000e+000  2.8143022e-002
  1.4014014e-002  2.0000000e+000  3.8138251e-002
  1.6016016e-002  2.0000000e+000  4.9592502e-002
  1.8018018e-002  2.0000000e+000  6.2483792e-002
  2.0020020e-002  2.0000000e+000  7.6789826e-002
  2.2022022e-002  2.0000000e+000  9.2488013e-002
  2.4024024e-002  2.0000000e+000  1.0955548e-001
  2.6026026e-002  2.0000000e+000  1.2796907e-001
  2.8028028e-002  2.0000000e+000  1.4770537e-001
  3.0030030e-002  2.0000000e+000  1.6874074e-001
  3.2032032e-002  2.0000000e+000  1.9105128e-001
  3.4034034e-002  2.0000000e+000  2.1461288e-001
  3.6036036e-002  2.0000000e+000  2.3940121e-001
  3.8038038e-002  2.0000000e+000  2.6539175e-001
  4.0040040e-002  2.0000000e+000  2.9255979e-001
  4.2042042e-002  2.0000000e+000  3.2088045e-001
  4.4044044e-002  2.0000000e+000  3.5032868e-001
  4.6046046e-002  2.0000000e+000  3.8087929e-001
  4.8048048e-002  2.0000000e+000  4.1250694e-001
  5.0050050e-002  2.0000000e+000  4.4518618e-001
  5.2052052e-002  2.0000000e+000  4.7889142e-001
  5.4054054e-002  2.0000000e+000  5.1359699e-001
  5.6056056e-002  2.0000000e+000  5.4927712e-001
  5.8058058e-002  2.0000000e+000  5.8590596e-001
  6.0060060e-002  2.0000000e+000  6.2345759e-001
  6.2062062e-002  2.0000000e+000  6.6190603e-001
  6.4064064e-002  2.0000000e+000  7.0122525e-001
  6.6066066e-002  2.0000000e+000  7.4138919e-001
  6.8068068e-002  2.0000000e+000  7.8237177e-001
  7.0070070e-002  2.0000000e+000  8.2414688e-001
  7.2072072e-002  2.0000000e+000  8.6668842e-001
  7.4074074e-002  2.0000000e+000  9.0997029e-001
  7.6076076e-002  2.0000000e+000  9.5396640e-001
  7.8078078e-002  2.0000000e+000  9.9865070e-001
  8.0080080e-002  2.0000000e+000  1.0439972e+000
  8.2082082e-002  2.0000000e+000  1.0899798e+000
  8.4084084e-002  2.0000000e+000  1.1365728e+000
  8.6086086e-002  2.0000000e+000  1.1837502e+000
  8.8088088e-002  2.0000000e+000  1.2314862e+000
  9.0090090e-002  2.0000000e+000  1.2797553e+000
  9.2092092e-002  2.0000000e+000  1.3285317e+000
  9.4094094e-002  2.0000000e+000  1.3777900e+000
  9.6096096e-002  2.0000000e+000  1.4275048e+000
  9.8098098e-002  2.0000000e+000  1.4776508e+000
  1.0010010e-001  2.0000000e+000  1.5282030e+000
  1.0210210e-001  2.0000000e+000  1.5791363e+000
  1.0410410e-001  2.0000000e+000  1.6304260e+000
  1.0610611e-001  2.0000000e+000  1.6820472e+000
  1.0810811e-001  2.0000000e+000  1.7339755e+000
  1.1011011e-001  2.0000000e+000  1.7861866e+000
  1.1211211e-001  2.0000000e+000  1.8386562e+000
  1.1411411e-001  2.0000000e+000  1.8913603e+000
  1.1611612e-001  2.0000000e+000  1.9442753e+000
  1.1811812e-001  2.0000000e+000  1.9973774e+000
  1.2012012e-001  2.0000000e+000  2.0506432e+000
  1.2212212e-001  2.0000000e+000  2.1040497e+000
  1.2412412e-001  2.0000000e+000  2.1575738e+000
  1.2612613e-001  2.0000000e+000  2.2111929e+000
  1.2812813e-001  2.0000000e+000  2.2648843e+000
  1.3013013e-001  2.0000000e+000  2.3186260e+000
  1.3213213e-001  2.0000000e+000  2.3723958e+000
  1.3413413e-001  2.0000000e+000  2.4261720e+000
  1.3613614e-001  2.0000000e+000  2.4799331e+000
  1.3813814e-001  2.0000000e+000  2.5336578e+000
  1.4014014e-001  2.0000000e+000  2.5873253e+000
  1.4214214e-001  2.0000000e+000  2.6409147e+000
  1.4414414e-001  2.0000000e+000  2.6944058e+000
  1.4614615e-001  2.0000000e+000  2.7477782e+000
  1.4814815e-001  2.0000000e+000  2.8010123e+000
  1.5015015e-001  2.0000000e+000  2.8540884e+000
  1.5215215e-001  2.0000000e+000  2.9069873e+000
  1.5415415e-001  2.0000000e+000  2.9596901e+000
  1.5615616e-001  2.0000000e+000  3.0121780e+000
  1.5815816e-001  2.0000000e+000  3.0644327e+000
  1.6016016e-001  2.0000000e+000  3.1164362e+000
  1.6216216e-001  2.0000000e+000  3.1681708e+000
  1.6416416e-001  2.0000000e+000  3.2196190e+000
  1.6616617e-001  2.0000000e+000  3.2707639e+000
  1.6816817e-001  2.0000000e+000  3.3215886e+000
  1.7017017e-001  2.0000000e+000  3.3720767e+000
  1.7217217e-001  2.0000000e+000  3.4222122e+000
  1.7417417e-001  2.0000000e+000  3.4719792e+000
  1.7617618e-001  2.0000000e+000  3.5213623e+000
  1.7817818e-001  2.0000000e+000  3.5703465e+000
  1.8018018e-001  2.0000000e+000  3.6189169e+000
  1.8218218e-001  2.0000000e+000  3.6670593e+000
  1.8418418e-001  2.0000000e+000  3.7147594e+000
  1.8618619e-001  2.0000000e+000  3.7620037e+000
  1.8818819e-001  2.0000000e+000  3.8087786e+000
  1.9019019e-001  2.0000000e+000  3.8550713e+000
  1.9219219e-001  2.0000000e+000  3.9008689e+000
  1.9419419e-001  2.0000000e+000  3.9461592e+000
  1.9619620e-001  2.0000000e+000  3.9909302e+000
  1.9819820e-001  2.0000000e+000  4.0351702e+000
  2.0020020e-001  2.0000000e+000  4.0788680e+000
  2.0220220e-001  2.0000000e+000  4.1220126e+000
  2.0420420e-001  2.0000000e+000  4.1645934e+000
  2.0620621e-001  2.0000000e+000  4.2066002e+000
  2.0820821e-001  2.0000000e+000  4.2480232e+000
  2.1021021e-001  2.0000000e+000  4.2888528e+000
  2.1221221e-001  2.0000000e+000  4.3290797e+000
  2.1421421e-001  2.0000000e+000  4.3686953e+000
  2.1621622e-001  2.0000000e+000  4.4076909e+000
  2.1821822e-001  2.0000000e+000  4.4460586e+000
  2.2022022e-001  2.0000000e+000  4.4837903e+000
  2.2222222e-001  2.0000000e+000  4.5208789e+000
  2.2422422e-001  2.0000000e+000  4.5573171e+000
  2.2622623e-001  2.0000000e+000  4.5930981e+000
  2.2822823e-001  2.0000000e+000  4.6282157e+000
  2.3023023e-001  2.0000000e+000  4.6626637e+000
  2.3223223e-001  2.0000000e+000  4.6964363e+000
  2.3423423e-001  2.0000000e+000  4.7295283e+000
  2.3623624e-001  2.0000000e+000  4.7619345e+000
  2.3823824e-001  2.0000000e+000  4.7936502e+000
  2.4024024e-001  2.0000000e+000  4.8246710e+000
  2.4224224e-001  2.0000000e+000  4.8549929e+000
  2.4424424e-001  2.0000000e+000  4.8846121e+000
  2.4624625e-001  2.0000000e+000  4.9135253e+000
  2.4824825e-001  2.0000000e+000  4.9417293e+000
  2.5025025e-001  2.0000000e+000  4.9692213e+000
  2.5225225e-001  2.0000000e+000  4.9959990e+000
  2.5425425e-001  2.0000000e+000  5.0220601e+000
  2.5625626e-001  2.0000000e+000  5.0474029e+000
  2.5825826e-001  2.0000000e+000  5.0720258e+000
  2.6026026e-001  2.0000000e+000  5.0959277e+000
  2.6226226e-001  2.0000000e+000  5.1191075e+000
  2.6426426e-001  2.0000000e+000  5.1415647e+000
  2.6626627e-001  2.0000000e+000  5.1632990e+000
  2.6826827e-001  2.0000000e+000  5.1843103e+000
  2.7027027e-001  2.0000000e+000  5.2045990e+000
  2.7227227e-001  2.0000000e+000  5.2241654e+000
  2.7427427e-001  2.0000000e+000  5.2430106e+000
  2.7627628e-001  2.0000000e+000  5.2611355e+000
  2.7827828e-001  2.0000000e+000  5.2785417e+000
  2.8028028e-001  2.0000000e+000  5.2952306e+000
  2.8228228e-001  2.0000000e+000  5.3112042e+000
  2.8428428e-001  2.0000000e+000  5.3264647e+000
  2.8628629e-001  2.0000000e+000  5.3410146e+000
  2.8828829e-001  2.0000000e+000  5.3548565e+000
  2.9029029e-001  2.0000000e+000  5.3679934e+000
  2.9229229e-001  2.0000000e+000  5.3804284e+000
  2.9429429e-001  2.0000000e+000  5.3921650e+000
  2.9629630e-001  2.0000000e+000  5.4032068e+000
  2.9829830e-001  2.0000000e+000  5.4135578e+000
  3.0030030e-001  2.0000000e+000  5.4232220e+000
  3.0230230e-001  2.0000000e+000  5.4322038e+000
  3.0430430e-001  2.0000000e+000  5.4405078e+000
  3.0630631e-001  2.0000000e+000  5.4481388e+000
  3.0830831e-001  2.0000000e+000  5.4551017e+000
  3.1031031e-001  2.0000000e+000  5.4614018e+000
  3.1231231e-001  2.0000000e+000  5.4670445e+000
  3.1431431e-001  2.0000000e+000  5.4720353e+000
  3.1631632e-001  2.0000000e+000  5.4763801e+000
  3.1831832e-001  2.0000000e+000  5.4800849e+000
  3.2032032e-001  2.0000000e+000  5.4831557e+000
  3.2232232e-001  2.0000000e+000  5.4855991e+000
  3.2432432e-001  2.0000000e+000  5.4874213e+000
  3.2632633e-001  2.0000000e+000  5.4886293e+000
  3.2832833e-001  2.0000000e+000  5.4892298e+000
  3.3033033e-001  2.0000000e+000  5.4892298e+000
  3.3233233e-001  2.0000000e+000  5.4886365e+000
  3.3433433e-001  2.0000000e+000  5.4874573e+000
  3.3633634e-001  2.0000000e+000  5.4856995e+000
  3.3833834e-001  2.0000000e+000  5.4833709e+000
  3.4034034e-001  2.0000000e+000  5.4804791e+000
  3.4234234e-001  2.0000000e+000  5.4770320e+000
  3.4434434e-001  2.0000000e+000  5.4730376e+000
  3.4634635e-001  2.0000000e+000  5.4685041e+000
  3.4834835e-001  2.0000000e+000  5.4634396e+000
  3.5035035e-001  2.0000000e+000  5.4578527e+000
  3.5235235e-001  2.0000000e+000  5.4517516e+000
  3.5435435e-001  2.0000000e+000  5.4451450e+000
  3.5635636e-001  2.0000000e+000  5.4380416e+000
  3.5835836e-001  2.0000000e+000  5.4304501e+000
  3.6036036e-001  2.0000000e+000  5.4223793e+000
  3.6236236e-001  2.0000000e+000  5.4138383e+000
  3.6436436e-001  2.0000000e+000  5.4048360e+000
  3.6636637e-001  2.0000000e+000  5.3953815e+000
  3.6836837e-001  2.0000000e+000  5.3854840e+000
  3.7037037e-001  2.0000000e+000  5.3751526e+000
  3.7237237e-001  2.0000000e+000  5.3643968e+000
  3.7437437e-001  2.0000000e+000  5.3532259e+000
  3.7637638e-001  2.0000000e+000  5.3416493e+000
  3.7837838e-001  2.0000000e+000  5.3296763e+000
  3.8038038e-001  2.0000000e+000  5.3173166e+000
  3.8238238e-001  2.0000000e+000  5.3045797e+000
  3.8438438e-001  2.0000000e+000  5.2914751e+000
  3.8638639e-001  2.0000000e+000  5.2780125e+000
  3.8838839e-001  2.0000000e+000  5.2642014e+000
  3.9039039e-001  2.0000000e+000  5.2500517e+000
  3.9239239e-001  2.0000000e+000  5.2355728e+000
  3.9439439e-001  2.0000000e+000  5.2207746e+000
  3.9639640e-001  2.0000000e+000  5.2056668e+000
  3.9839840e-001  2.0000000e+000  5.1902590e+000
  4.0040040e-001  2.0000000e+000  5.1745610e+000
  4.0240240e-001  2.0000000e+000  5.1585825e+000
  4.0440440e-001  2.0000000e+000  5.1423333e+000
  4.0640641e-001  2.0000000e+000  5.1258229e+000
  4.0840841e-001  2.0000000e+000  5.1090612e+000
  4.1041041e-001  2.0000000e+000  5.0920578e+000
  4.1241241e-001  2.0000000e+000  5.0748223e+000
  4.1441441e-001  2.0000000e+000  5.0573644e+000
  4.1641642e-001  2.0000000e+000  5.0396937e+000
  4.1841842e-001  2.0000000e+000  5.0218198e+000
  4.2042042e-001  2.0000000e+000  5.0037523e+000
  4.2242242e-001  2.0000000e+000  4.9855006e+000
  4.2442442e-001  2.0000000e+000  4.9670742e+000
  4.2642643e-001  2.0000000e+000  4.9484825e+000
  4.2842843e-001  2.0000000e+000  4.9297350e+000
  4.3043043e-001  2.0000000e+000  4.9108409e+000
  4.3243243e-001  2.0000000e+000  4.8918096e+000
  4.3443443e-001  2.0000000e+000  4.8726502e+000
  4.3643644e-001  2.0000000e+000  4.8533719e+000
  4.3843844e-001  2.0000000e+000  4.8339838e+000
  4.4044044e-001  2.0000000e+000  4.8144950e+000
  4.4244244e-001  2.0000000e+000  4.7949144e+000
  4.4444444e-001  2.0000000e+000  4.7752508e+000
  4.4644645e-001  2.0000000e+000  4.7555133e+000
  4.4844845e-001  2.0000000e+000  4.7357104e+000
  4.5045045e-001  2.0000000e+000  4.7158508e+000
  4.5245245e-001  2.0000000e+000  4.6959432e+000
  4.5445445e-001  2.0000000e+000  4.6759960e+000
  4.5645646e-001  2.0000000e+000  4.6560177e+000
  4.5845846e-001  2.0000000e+000  4.6360166e+000
  4.6046046e-001  2.0000000e+000  4.6160009e+000
  4.6246246e-001  2.0000000e+000  4.5959788e+000
  4.6446446e-001  2.0000000e+000  4.5759584e+000
  4.6646647e-001  2.0000000e+000  4.5559475e+000
  4.6846847e-001  2.0000000e+000  4.5359541e+000
  4.7047047e-001  2.0000000e+000  4.5159859e+000
  4.7247247e-001  2.0000000e+000  4.4960505e+000
  4.7447447e-001  2.0000000e+000  4.4761556e+000
  4.7647648e-001  2.0000000e+000  4.4563085e+000
  4.7847848e-001  2.0000000e+000  4.4365166e+000
  4.8048048e-001  2.0000000e+000  4.4167871e+000
  4.8248248e-001  2.0000000e+000  4.3971271e+000
  4.8448448e-001  2.0000000e+000  4.3775437e+000
  4.8648649e-001  2.0000000e+000  4.3580437e+000
  4.8848849e-001  2.0000000e+000  4.3386339e+000
  4.9049049e-001  2.0000000e+000  4.3193209e+000
  4.9249249e-001  2.0000000e+000  4.3001113e+000
  4.9449449e-001  2.0000000e+000  4.2810115e+000
  4.9649650e-001  2.0000000e+000  4.2620278e+000
  4.9849850e-001  2.0000000e+000  4.2431664e+000
  5.0050050e-001  2.0000000e+000  4.2244334e+000
  5.0250250e-001  2.0000000e+000  4.2058346e+000
  5.0450450e-001  2.0000000e+000  4.1873758e+000
  5.0650651e-001  2.0000000e+000  4.1690628e+000
  5.0850851e-001  2.0000000e+000  4.1509012e+000
  5.1051051e-001  2.0000000e+000  4.1328962e+000
  5.1251251e-001  2.0000000e+000  4.1150533e+000
  5.1451451e-001  2.0000000e+000  4.0973776e+000
  5.1651652e-001  2.0000000e+000  4.0798742e+000
  5.1851852e-001  2.0000000e+000  4.0625479e+000
  5.2052052e-001  2.0000000e+000  4.0454036e+000
  5.2252252e-001  2.0000000e+000  4.0284459e+000
  5.2452452e-001  2.0000000e+000  4.0116794e+000
  5.2652653e-001  2.0000000e+000  3.9951084e+000
  5.2852853e-001  2.0000000e+000  3.9787372e+000
  5.3053053e-001  2.0000000e+000  3.9625700e+000
  5.3253253e-001  2.0000000e+000  3.9466107e+000
  5.3453453e-001  2.0000000e+000  3.9308632e+000
  5.3653654e-001  2.0000000e+000  3.9153313e+000
  5.3853854e-001  2.0000000e+000  3.9000186e+000
  5.4054054e-001  2.0000000e+000  3.8849285e+000
  5.4254254e-001  2.0000000e+000  3.8700645e+000
  5.4454454e-001  2.0000000e+000  3.8554297e+000
  5.4654655e-001  2.0000000e+000  3.8410273e+000
  5.4854855e-001  2.0000000e+000  3.8268602e+000
  5.5055055e-001  2.0000000e+000  3.8129312e+000
  5.5255255e-001  2.0000000e+000  3.7992430e+000
  5.5455455e-001  2.0000000e+000  3.7857982e+000
  5.5655656e-001  2.0000000e+000  3.7725994e+000
  5.5855856e-001  2.0000000e+000  3.7596487e+000
  5.6056056e-001  2.0000000e+000  3.7469484e+000
  5.6256256e-001  2.0000000e+000  3.7345005e+000
  5.6456456e-001  2.0000000e+000  3.7223071e+000
  5.6656657e-001  2.0000000e+000  3.7103699e+000
  5.6856857e-001  2.0000000e+000  3.6986906e+000
  5.7057057e-001  2.0000000e+000  3.6872707e+000
  5.7257257e-001  2.0000000e+000  3.6761119e+000
  5.7457457e-001  2.0000000e+000  3.6652153e+000
  5.7657658e-001  2.0000000e+000  3.6545822e+000
  5.7857858e-001  2.0000000e+000  3.6442136e+000
  5.8058058e-001  2.0000000e+000  3.6341106e+000
  5.8258258e-001  2.0000000e+000  3.6242740e+000
  5.8458458e-001  2.0000000e+000  3.6147046e+000
  5.8658659e-001  2.0000000e+000  3.6054029e+000
  5.8858859e-001  2.0000000e+000  3.5963694e+000
  5.9059059e-001  2.0000000e+000  3.5876046e+000
  5.9259259e-001  2.0000000e+000  3.5791088e+000
  5.9459459e-001  2.0000000e+000  3.5708821e+000
  5.9659660e-001  2.0000000e+000  3.5629246e+000
  5.9859860e-001  2.0000000e+000  3.5552362e+000
  6.0060060e-001  2.0000000e+000  3.5478168e+000
  6.0260260e-001  2.0000000e+000  3.5406662e+000
  6.0460460e-001  2.0000000e+000  3.5337839e+000
  6.0660661e-001  2.0000000e+000  3.5271695e+000
  6.0860861e-001  2.0000000e+000  3.5208225e+000
  6.1061061e-001  2.0000000e+000  3.5147421e+000
  6.1261261e-001  2.0000000e+000  3.5089277e+000
  6.1461461e-001  2.0000000e+000  3.5033784e+000
  6.1661662e-001  2.0000000e+000  3.4980931e+000
  6.1861862e-001  2.0000000e+000  3.4930709e+000
  6.2062062e-001  2.0000000e+000  3.4883107e+000
  6.2262262e-001  2.0000000e+000  3.4838111e+000
  6.2462462e-001  2.0000000e+000  3.4795709e+000
  6.2662663e-001  2.0000000e+000  3.4755887e+000
  6.2862863e-001  2.0000000e+000  3.4718629e+000
  6.3063063e-001  2.0000000e+000  3.4683920e+000
  6.3263263e-001  2.0000000e+000  3.4651744e+000
  6.3463463e-001  2.0000000e+000  3.4622082e+000
  6.3663664e-001  2.0000000e+000  3.4594917e+000
  6.3863864e-001  2.0000000e+000  3.4570230e+000
  6.4064064e-001  2.0000000e+000  3.4548000e+000
  6.4264264e-001  2.0000000e+000  3.4528209e+000
  6.4464464e-001  2.0000000e+000  3.4510833e+000
  6.4664665e-001  2.0000000e+000  3.4495852e+000
  6.4864865e-001  2.0000000e+000  3.4483242e+000
  6.5065065e-001  2.0000000e+000  3.4472981e+000
  6.5265265e-001  2.0000000e+000  3.4465044e+000
  6.5465465e-001  2.0000000e+000  3.4459407e+000
  6.5665666e-001  2.0000000e+000  3.4456044e+000
  6.5865866e-001  2.0000000e+000  3.4454931e+000
  6.6066066e-001  2.0000000e+000  3.4456040e+000
  6.6266266e-001  2.0000000e+000  3.4459344e+000
  6.6466466e-001  2.0000000e+000  3.4464816e+000
  6.6666667e-001  2.0000000e+000  3.4472428e+000
  6.6866867e-001  2.0000000e+000  3.4482151e+000
  6.7067067e-001  2.0000000e+000  3.4493957e+000
  6.7267267e-001  2.0000000e+000  3.4507815e+000
  6.7467467e-001  2.0000000e+000  3.4523695e+000
  6.7667668e-001  2.0000000e+000  3.4541568e+000
  6.7867868e-001  2.0000000e+000  3.4561402e+000
  6.8068068e-001  2.0000000e+000  3.4583165e+000
  6.8268268e-001  2.0000000e+000  3.4606827e+000
  6.8468468e-001  2.0000000e+000  3.4632355e+000
  6.8668669e-001  2.0000000e+000  3.4659716e+000
  6.8868869e-001  2.0000000e+000  3.4688879e+000
  6.9069069e-001  2.0000000e+000  3.4719809e+000
  6.9269269e-001  2.0000000e+000  3.4752473e+000
  6.9469469e-001  2.0000000e+000  3.4786838e+000
  6.9669670e-001  2.0000000e+000  3.4822869e+000
  6.9869870e-001  2.0000000e+000  3.4860533e+000
  7.0070070e-001  2.0000000e+000  3.4899794e+000
  7.0270270e-001  2.0000000e+000  3.4940619e+000
  7.0470470e-001  2.0000000e+000  3.4982972e+000
  7.0670671e-001  2.0000000e+000  3.5026817e+000
  7.0870871e-001  2.0000000e+000  3.5072121e+000
  7.1071071e-001  2.0000000e+000  3.5118847e+000
  7.1271271e-001  2.0000000e+000  3.5166959e+000
  7.1471471e-001  2.0000000e+000  3.5216423e+000
  7.1671672e-001  2.0000000e+000  3.5267201e+000
  7.1871872e-001  2.0000000e+000  3.5319259e+000
  7.2072072e-001  2.0000000e+000  3.5372560e+000
  7.2272272e-001  2.0000000e+000  3.5427068e+000
  7.2472472e-001  2.0000000e+000  3.5482747e+000
  7.2672673e-001  2.0000000e+000  3.5539561e+000
  7.2872873e-001  2.0000000e+000  3.5597473e+000
  7.3073073e-001  2.0000000e+000  3.5656448e+000
  7.3273273e-001  2.0000000e+000  3.5716449e+000
  7.3473473e-001  2.0000000e+000  3.5777441e+000
  7.3673674e-001  2.0000000e+000  3.5839386e+000
  7.3873874e-001  2.0000000e+000  3.5902249e+000
  7.4074074e-001  2.0000000e+000  3.5965994e+000
  7.4274274e-001  2.0000000e+000  3.6030585e+000
  7.4474474e-001  2.0000000e+000  3.6095986e+000
  7.4674675e-001  2.0000000e+000  3.6162162e+000
  7.4874875e-001  2.0000000e+000  3.6229077e+000
  7.5075075e-001  2.0000000e+000  3.6296694e+000
  7.5275275e-001  2.0000000e+000  3.6364980e+000
  7.5475475e-001  2.0000000e+000  3.6433899e+000
  7.5675676e-001  2.0000000e+000  3.6503415e+000
  7.5875876e-001  2.0000000e+000  3.6573494e+000
  7.6076076e-001  2.0000000e+000  3.6644102e+000
  7.6276276e-001  2.0000000e+000  3.6715204e+000
  7.6476476e-001  2.0000000e+000  3.6786765e+000
  7.6676677e-001  2.0000000e+000  3.6858752e+000
  7.6876877e-001  2.0000000e+000  3.6931131e+000
  7.7077077e-001  2.0000000e+000  3.7003868e+000
  7.7277277e-001  2.0000000e+000  3.7076930e+000
  7.7477477e-001  2.0000000e+000  3.7150285e+000
  7.7677678e-001  2.0000000e+000  3.7223899e+000
  7.7877878e-001  2.0000000e+000  3.7297740e+000
  7.8078078e-001  2.0000000e+000  3.7371775e+000
  7.8278278e-001  2.0000000e+000  3.7445974e+000
  7.8478478e-001  2.0000000e+000  3.7520305e+000
  7.8678679e-001  2.0000000e+000  3.7594735e+000
  7.8878879e-001  2.0000000e+000  3.7669236e+000
  7.9079079e-001  2.0000000e+000  3.7743775e+000
  7.9279279e-001  2.0000000e+000  3.7818323e+000
  7.9479479e-001  2.0000000e+000  3.7892851e+000
  7.9679680e-001  2.0000000e+000  3.7967327e+000
  7.9879880e-001  2.0000000e+000  3.8041725e+000
  8.0080080e-001  2.0000000e+000  3.8116014e+000
  8.0280280e-001  2.0000000e+000  3.8190167e+000
  8.0480480e-001  2.0000000e+000  3.8264155e+000
  8.0680681e-001  2.0000000e+000  3.8337951e+000
  8.0880881e-001  2.0000000e+000  3.8411529e+000
  8.1081081e-001  2.0000000e+000  3.8484861e+000
  8.1281281e-001  2.0000000e+000  3.8557920e+000
  8.1481481e-001  2.0000000e+000  3.8630682e+000
  8.1681682e-001  2.0000000e+000  3.8703121e+000
  8.1881882e-001  2.0000000e+000  3.8775212e+000
  8.2082082e-001  2.0000000e+000  3.8846929e+000
  8.2282282e-001  2.0000000e+000  3.8918250e+000
  8.2482482e-001  2.0000000e+000  3.8989150e+000
  8.2682683e-001  2.0000000e+000  3.9059606e+000
  8.2882883e-001  2.0000000e+000  3.9129596e+000
  8.3083083e-001  2.0000000e+000  3.9199096e+000
  8.3283283e-001  2.0000000e+000  3.9268086e+000
  8.3483483e-001  2.0000000e+000  3.9336544e+000
  8.3683684e-001  2.0000000e+000  3.9404449e+000
  8.3883884e-001  2.0000000e+000  3.9471780e+000
  8.4084084e-001  2.0000000e+000  3.9538517e+000
  8.4284284e-001  2.0000000e+000  3.9604642e+000
  8.4484484e-001  2.0000000e+000  3.9670134e+000
  8.4684685e-001  2.0000000e+000  3.9734976e+000
  8.4884885e-001  2.0000000e+000  3.9799150e+000
  8.5085085e-001  2.0000000e+000  3.9862637e+000
  8.5285285e-001  2.0000000e+000  3.9925421e+000
  8.5485485e-001  2.0000000e+000  3.9987484e+000
  8.5685686e-001  2.0000000e+000  4.0048812e+000
  8.5885886e-001  2.0000000e+000  4.0109388e+000
  8.6086086e-001  2.0000000e+000  4.0169198e+000
  8.6286286e-001  2.0000000e+000  4.0228225e+000
  8.6486486e-001  2.0000000e+000  4.0286457e+000
  8.6686687e-001  2.0000000e+000  4.0343880e+000
  8.6886887e-001  2.0000000e+000  4.0400480e+000
  8.7087087e-001  2.0000000e+000  4.0456244e+000
  8.7287287e-001  2.0000000e+000  4.0511161e+000
  8.7487487e-001  2.0000000e+000  4.0565219e+000
  8.7687688e-001  2.0000000e+000  4.0618406e+000
  8.7887888e-001  2.0000000e+000  4.0670711e+000
  8.8088088e-001  2.0000000e+000  4.0722125e+000
  8.8288288e-001  2.0000000e+000  4.0772637e+000
  8.8488488e-001  2.0000000e+000  4.0822238e+000
  8.8688689e-001  2.0000000e+000  4.0870920e+000
  8.8888889e-001  2.0000000e+000  4.0918673e+000
  8.9089089e-001  2.0000000e+000  4.0965490e+000
  8.9289289e-001  2.0000000e+000  4.1011364e+000
  8.9489489e-001  2.0000000e+000  4.1056286e+000
  8.9689690e-001  2.0000000e+000  4.1100252e+000
  8.9889890e-001  2.0000000e+000  4.1143254e+000
  9.0090090e-001  2.0000000e+000  4.1185288e+000
  9.0290290e-001  2.0000000e+000  4.1226347e+000
  9.0490490e-001  2.0000000e+000  4.1266427e+000
  9.0690691e-001  2.0000000e+000  4.1305525e+000
  9.0890891e-001  2.0000000e+000  4.1343635e+000
  9.1091091e-001  2.0000000e+000  4.1380755e+000
  9.1291291e-001  2.0000000e+000  4.1416882e+000
  9.1491491e-001  2.0000000e+000  4.1452013e+000
  9.1691692e-001  2.0000000e+000  4.1486146e+000
  9.1891892e-001  2.0000000e+000  4.1519279e+000
  9.2092092e-001  2.0000000e+000  4.1551412e+000
  9.2292292e-001  2.0000000e+000  4.1582542e+000
  9.2492492e-001  2.0000000e+000  4.1612671e+000
  9.2692693e-001  2.0000000e+000  4.1641797e+000
  9.2892893e-001  2.0000000e+000  4.1669922e+000
  9.3093093e-001  2.0000000e+000  4.1697045e+000
  9.3293293e-001  2.0000000e+000  4.1723169e+000
  9.3493493e-001  2.0000000e+000  4.1748294e+000
  9.3693694e-001  2.0000000e+000  4.1772423e+000
  9.3893894e-001  2.0000000e+000  4.1795557e+000
  9.4094094e-001  2.0000000e+000  4.1817700e+000
  9.4294294e-001  2.0000000e+000  4.1838854e+000
  9.4494494e-001  2.0000000e+000  4.1859023e+000
  9.4694695e-001  2.0000000e+000  4.1878211e+000
  9.4894895e-001  2.0000000e+000  4.1896421e+000
  9.5095095e-001  2.0000000e+000  4.1913658e+000
  9.5295295e-001  2.0000000e+000  4.1929928e+000
  9.5495495e-001  2.0000000e+000  4.1945234e+000
  9.5695696e-001  2.0000000e+000  4.1959582e+000
  9.5895896e-001  2.0000000e+000  4.1972978e+000
  9.6096096e-001  2.0000000e+000  4.1985428e+000
  9.6296296e-001  2.0000000e+000  4.1996939e+000
  9.6496496e-001  2.0000000e+000  4.2007517e+000
  9.6696697e-001  2.0000000e+000  4.2017169e+000
  9.6896897e-001  2.0000000e+000  4.2025901e+000
  9.7097097e-001  2.0000000e+000  4.2033723e+000
  9.7297297e-001  2.0000000e+000  4.2040640e+000
  9.7497497e-001  2.0000000e+000  4.2046663e+000
  9.7697698e-001  2.0000000e+000  4.2051798e+000
  9.7897898e-001  2.0000000e+000  4.2056054e+000
  9.8098098e-001  2.0000000e+000  4.2059440e+000
  9.8298298e-001  2.0000000e+000  4.2061966e+000
  9.8498498e-001  2.0000000e+000  4.2063639e+000
  9.8698699e-001  2.0000000e+000  4.2064471e+000
  9.8898899e-001  2.0000000e+000  4.2064470e+000
  9.9099099e-001  2.0000000e+000  4.2063647e+000
  9.9299299e-001  2.0000000e+000  4.2062011e+000
  9.9499499e-001  2.0000000e+000  4.2059574e+000
  9.9699700e-001  2.0000000e+000  4.2056345e+000
  9.9899900e-001  2.0000000e+000  4.2052336e+000
  1.0010010e+000  2.0000000e+000  4.2047556e+000
  1.0030030e+000  2.0000000e+000  4.2042018e+000
  1.0050050e+000  2.0000000e+000  4.2035733e+000
  1.0070070e+000  2.0000000e+000  4.2028712e+000
  1.0090090e+000  2.0000000e+000  4.2020966e+000
  1.0110110e+000  2.0000000e+000  4.2012508e+000
  1.0130130e+000  2.0000000e+000  4.2003348e+000
  1.0150150e+000  2.0000000e+000  4.1993501e+000
  1.0170170e+000  2.0000000e+000  4.1982976e+000
  1.0190190e+000  2.0000000e+000  4.1971787e+000
  1.0210210e+000  2.0000000e+000  4.1959946e+000
  1.0230230e+000  2.0000000e+000  4.1947466e+000
  1.0250250e+000  2.0000000e+000  4.1934359e+000
  1.0270270e+000  2.0000000e+000  4.1920638e+000
  1.0290290e+000  2.0000000e+000  4.1906315e+000
  1.0310310e+000  2.0000000e+000  4.1891405e+000
  1.0330330e+000  2.0000000e+000  4.1875918e+000
  1.0350350e+000  2.0000000e+000  4.1859869e+000
  1.0370370e+000  2.0000000e+000  4.1843271e+000
  1.0390390e+000  2.0000000e+000  4.1826137e+000
  1.0410410e+000  2.0000000e+000  4.1808479e+000
  1.0430430e+000  2.0000000e+000  4.1790312e+000
  1.0450450e+000  2.0000000e+000  4.1771649e+000
  1.0470470e+000  2.0000000e+000  4.1752503e+000
  1.0490490e+000  2.0000000e+000  4.1732887e+000
  1.0510511e+000  2.0000000e+000  4.1712815e+000
  1.0530531e+000  2.0000000e+000  4.1692301e+000
  1.0550551e+000  2.0000000e+000  4.1671357e+000
  1.0570571e+000  2.0000000e+000  4.1649997e+000
  1.0590591e+000  2.0000000e+000  4.1628235e+000
  1.0610611e+000  2.0000000e+000  4.1606084e+000
  1.0630631e+000  2.0000000e+000  4.1583558e+000
  1.0650651e+000  2.0000000e+000  4.1560670e+000
  1.0670671e+000  2.0000000e+000  4.1537433e+000
  1.0690691e+000  2.0000000e+000  4.1513862e+000
  1.0710711e+000  2.0000000e+000  4.1489968e+000
  1.0730731e+000  2.0000000e+000  4.1465767e+000
  1.0750751e+000  2.0000000e+000  4.1441270e+000
  1.0770771e+000  2.0000000e+000  4.1416492e+000
  1.0790791e+000  2.0000000e+000  4.1391445e+000
  1.0810811e+000  2.0000000e+000  4.1366143e+000
  1.0830831e+000  2.0000000e+000  4.1340599e+000
  1.0850851e+000  2.0000000e+000  4.1314826e+000
  1.0870871e+000  2.0000000e+000  4.1288837e+000
  1.0890891e+000  2.0000000e+000  4.1262644e+000
  1.0910911e+000  2.0000000e+000  4.1236262e+000
  1.0930931e+000  2.0000000e+000  4.1209702e+000
  1.0950951e+000  2.0000000e+000  4.1182976e+000
  1.0970971e+000  2.0000000e+000  4.1156099e+000
  1.0990991e+000  2.0000000e+000  4.1129082e+000
  1.1011011e+000  2.0000000e+000  4.1101938e+000
  1.1031031e+000  2.0000000e+000  4.1074679e+000
  1.1051051e+000  2.0000000e+000  4.1047318e+000
  1.1071071e+000  2.0000000e+000  4.1019866e+000
  1.1091091e+000  2.0000000e+000  4.0992335e+000
  1.1111111e+000  2.0000000e+000  4.0964737e+000
  1.1131131e+000  2.0000000e+000  4.0937085e+000
  1.1151151e+000  2.0000000e+000  4.0909390e+000
  1.1171171e+000  2.0000000e+000  4.0881663e+000
  1.1191191e+000  2.0000000e+000  4.0853916e+000
  1.1211211e+000  2.0000000e+000  4.0826160e+000
  1.1231231e+000  2.0000000e+000  4.0798406e+000
  1.1251251e+000  2.0000000e+000  4.0770666e+000
  1.1271271e+000  2.0000000e+000  4.0742950e+000
  1.1291291e+000  2.0000000e+000  4.0715268e+000
  1.1311311e+000  2.0000000e+000  4.0687633e+000
  1.1331331e+000  2.0000000e+000  4.0660053e+000
  1.1351351e+000  2.0000000e+000  4.0632540e+000
  1.1371371e+000  2.0000000e+000  4.0605103e+000
  1.1391391e+000  2.0000000e+000  4.0577753e+000
  1.1411411e+000  2.0000000e+000  4.0550499e+000
  1.1431431e+000  2.0000000e+000  4.0523351e+000
  1.1451451e+000  2.0000000e+000  4.0496319e+000
  1.1471471e+000  2.0000000e+000  4.0469412e+000
  1.1491491e+000  2.0000000e+000  4.0442639e+000
  1.1511512e+000  2.0000000e+000  4.0416010e+000
  1.1531532e+000  2.0000000e+000  4.0389532e+000
  1.1551552e+000  2.0000000e+000  4.0363216e+000
  1.1571572e+000  2.0000000e+000  4.0337069e+000
  1.1591592e+000  2.0000000e+000  4.0311100e+000
  1.1611612e+000  2.0000000e+000  4.0285318e+000
  1.1631632e+000  2.0000000e+000  4.0259729e+000
  1.1651652e+000  2.0000000e+000  4.0234343e+000
  1.1671672e+000  2.0000000e+000  4.0209166e+000
  1.1691692e+000  2.0000000e+000  4.0184206e+000
  1.1711712e+000  2.0000000e+000  4.0159472e+000
  1.1731732e+000  2.0000000e+000  4.0134969e+000
  1.1751752e+000  2.0000000e+000  4.0110704e+000
  1.1771772e+000  2.0000000e+000  4.0086686e+000
  1.1791792e+000  2.0000000e+000  4.0062919e+000
  1.1811812e+000  2.0000000e+000  4.0039412e+000
  1.1831832e+000  2.0000000e+000  4.0016169e+000
  1.1851852e+000  2.0000000e+000  3.9993198e+000
  1.1871872e+000  2.0000000e+000  3.9970503e+000
  1.1891892e+000  2.0000000e+000  3.9948091e+000
  1.1911912e+000  2.0000000e+000  3.9925968e+000
  1.1931932e+000  2.0000000e+000  3.9904138e+000
  1.1951952e+000  2.0000000e+000  3.9882607e+000
  1.1971972e+000  2.0000000e+000  3.9861379e+000
  1.1991992e+000  2.0000000e+000  3.9840461e+000
  1.2012012e+000  2.0000000e+000  3.9819856e+000
  1.2032032e+000  2.0000000e+000  3.9799568e+000
  1.2052052e+000  2.0000000e+000  3.9779603e+000
  1.2072072e+000  2.0000000e+000  3.9759964e+000
  1.2092092e+000  2.0000000e+000  3.9740655e+000
  1.2112112e+000  2.0000000e+000  3.9721680e+000
  1.2132132e+000  2.0000000e+000  3.9703042e+000
  1.2152152e+000  2.0000000e+000  3.9684745e+000
  1.2172172e+000  2.0000000e+000  3.9666792e+000
  1.2192192e+000  2.0000000e+000  3.9649187e+000
  1.2212212e+000  2.0000000e+000  3.9631931e+000
  1.2232232e+000  2.0000000e+000  3.9615028e+000
  1.2252252e+000  2.0000000e+000  3.9598480e+000
  1.2272272e+000  2.0000000e+000  3.9582290e+000
  1.2292292e+000  2.0000000e+000  3.9566459e+000
  1.2312312e+000  2.0000000e+000  3.9550990e+000
  1.2332332e+000  2.0000000e+000  3.9535885e+000
  1.2352352e+000  2.0000000e+000  3.9521145e+000
  1.2372372e+000  2.0000000e+000  3.9506772e+000
  1.2392392e+000  2.0000000e+000  3.9492767e+000
  1.2412412e+000  2.0000000e+000  3.9479131e+000
  1.2432432e+000  2.0000000e+000  3.9465865e+000
  1.2452452e+000  2.0000000e+000  3.9452971e+000
  1.2472472e+000  2.0000000e+000  3.9440449e+000
  1.2492492e+000  2.0000000e+000  3.9428299e+000
  1.2512513e+000  2.0000000e+000  3.9416521e+000
  1.2532533e+000  2.0000000e+000  3.9405117e+000
  1.2552553e+000  2.0000000e+000  3.9394087e+000
  1.2572573e+000  2.0000000e+000  3.9383429e+000
  1.2592593e+000  2.0000000e+000  3.9373144e+000
  1.2612613e+000  2.0000000e+000  3.9363231e+000
  1.2632633e+000  2.0000000e+000  3.9353691e+000
  1.2652653e+000  2.0000000e+000  3.9344522e+000
  1.2672673e+000  2.0000000e+000  3.9335724e+000
  1.2692693e+000  2.0000000e+000  3.9327295e+000
  1.2712713e+000  2.0000000e+000  3.9319235e+000
  1.2732733e+000  2.0000000e+000  3.9311543e+000
  1.2752753e+000  2.0000000e+000  3.9304216e+000
  1.2772773e+000  2.0000000e+000  3.9297254e+000
  1.2792793e+000  2.0000000e+000  3.9290656e+000
  1.2812813e+000  2.0000000e+000  3.9284419e+000
  1.2832833e+000  2.0000000e+000  3.9278541e+000
  1.2852853e+000  2.0000000e+000  3.9273021e+000
  1.2872873e+000  2.0000000e+000  3.9267856e+000
  1.2892893e+000  2.0000000e+000  3.9263045e+000
  1.2912913e+000  2.0000000e+000  3.9258585e+000
  1.2932933e+000  2.0000000e+000  3.9254473e+000
  1.2952953e+000  2.0000000e+000  3.9250708e+000
  1.2972973e+000  2.0000000e+000  3.9247286e+000
  1.2992993e+000  2.0000000e+000  3.9244204e+000
  1.3013013e+000  2.0000000e+000  3.9241461e+000
  1.3033033e+000  2.0000000e+000  3.9239053e+000
  1.3053053e+000  2.0000000e+000  3.9236976e+000
  1.3073073e+000  2.0000000e+000  3.9235228e+000
  1.3093093e+000  2.0000000e+000  3.9233806e+000
  1.3113113e+000  2.0000000e+000  3.9232706e+000
  1.3133133e+000  2.0000000e+000  3.9231925e+000
  1.3153153e+000  2.0000000e+000  3.9231459e+000
  1.3173173e+000  2.0000000e+000  3.9231305e+000
  1.3193193e+000  2.0000000e+000  3.9231459e+000
  1.3213213e+000  2.0000000e+000  3.9231918e+000
  1.3233233e+000  2.0000000e+000  3.9232676e+000
  1.3253253e+000  2.0000000e+000  3.9233732e+000
  1.3273273e+000  2.0000000e+000  3.9235080e+000
  1.3293293e+000  2.0000000e+000  3.9236717e+000
  1.3313313e+000  2.0000000e+000  3.9238638e+000
  1.3333333e+000  2.0000000e+000  3.9240840e+000
  1.3353353e+000  2.0000000e+000  3.9243318e+000
  1.3373373e+000  2.0000000e+000  3.9246068e+000
  1.3393393e+000  2.0000000e+000  3.9249085e+000
  1.3413413e+000  2.0000000e+000  3.9252365e+000
  1.3433433e+000  2.0000000e+000  3.9255904e+000
  1.3453453e+000  2.0000000e+000  3.9259698e+000
  1.3473473e+000  2.0000000e+000  3.9263741e+000
  1.3493493e+000  2.0000000e+000  3.9268028e+000
  1.3513514e+000  2.0000000e+000  3.9272557e+000
  1.3533534e+000  2.0000000e+000  3.9277321e+000
  1.3553554e+000  2.0000000e+000  3.9282316e+000
  1.3573574e+000  2.0000000e+000  3.9287537e+000
  1.3593594e+000  2.0000000e+000  3.9292980e+000
  1.3613614e+000  2.0000000e+000  3.9298640e+000
  1.3633634e+000  2.0000000e+000  3.9304511e+000
  1.3653654e+000  2.0000000e+000  3.9310590e+000
  1.3673674e+000  2.0000000e+000  3.9316870e+000
  1.3693694e+000  2.0000000e+000  3.9323348e+000
  1.3713714e+000  2.0000000e+000  3.9330018e+000
  1.3733734e+000  2.0000000e+000  3.9336875e+000
  1.3753754e+000  2.0000000e+000  3.9343914e+000
  1.3773774e+000  2.0000000e+000  3.9351131e+000
  1.3793794e+000  2.0000000e+000  3.9358520e+000
  1.3813814e+000  2.0000000e+000  3.9366077e+000
  1.3833834e+000  2.0000000e+000  3.9373795e+000
  1.3853854e+000  2.0000000e+000  3.9381671e+000
  1.3873874e+000  2.0000000e+000  3.9389700e+000
  1.3893894e+000  2.0000000e+000  3.9397875e+000
  1.3913914e+000  2.0000000e+000  3.9406193e+000
  1.3933934e+000  2.0000000e+000  3.9414648e+000
  1.3953954e+000  2.0000000e+000  3.9423236e+000
  1.3973974e+000  2.0000000e+000  3.9431950e+000
  1.3993994e+000  2.0000000e+000  3.9440787e+000
  1.4014014e+000  2.0000000e+000  3.9449741e+000
  1.4034034e+000  2.0000000e+000  3.9458808e+000
  1.4054054e+000  2.0000000e+000  3.9467982e+000
  1.4074074e+000  2.0000000e+000  3.9477258e+000
  1.4094094e+000  2.0000000e+000  3.9486632e+000
  1.4114114e+000  2.0000000e+000  3.9496098e+000
  1.4134134e+000  2.0000000e+000  3.9505652e+000
  1.4154154e+000  2.0000000e+000  3.9515289e+000
  1.4174174e+000  2.0000000e+000  3.9525004e+000
  1.4194194e+000  2.0000000e+000  3.9534792e+000
  1.4214214e+000  2.0000000e+000  3.9544649e+000
  1.4234234e+000  2.0000000e+000  3.9554569e+000
  1.4254254e+000  2.0000000e+000  3.9564548e+000
  1.4274274e+000  2.0000000e+000  3.9574582e+000
  1.4294294e+000  2.0000000e+000  3.9584665e+000
  1.4314314e+000  2.0000000e+000  3.9594794e+000
  1.4334334e+000  2.0000000e+000  3.9604963e+000
  1.4354354e+000  2.0000000e+000  3.9615168e+000
  1.4374374e+000  2.0000000e+000  3.9625404e+000
  1.4394394e+000  2.0000000e+000  3.9635667e+000
  1.4414414e+000  2.0000000e+000  3.9645953e+000
  1.4434434e+000  2.0000000e+000  3.9656258e+000
  1.4454454e+000  2.0000000e+000  3.9666576e+000
  1.4474474e+000  2.0000000e+000  3.9676903e+000
  1.4494494e+000  2.0000000e+000  3.9687237e+000
  1.4514515e+000  2.0000000e+000  3.9697571e+000
  1.4534535e+000  2.0000000e+000  3.9707902e+000
  1.4554555e+000  2.0000000e+000  3.9718227e+000
  1.4574575e+000  2.0000000e+000  3.9728540e+000
  1.4594595e+000  2.0000000e+000  3.9738839e+000
  1.4614615e+000  2.0000000e+000  3.9749118e+000
  1.4634635e+000  2.0000000e+000  3.9759375e+000
  1.4654655e+000  2.0000000e+000  3.9769605e+000
  1.4674675e+000  2.0000000e+000  3.9779805e+000
  1.4694695e+000  2.0000000e+000  3.9789971e+000
  1.4714715e+000  2.0000000e+000  3.9800099e+000
  1.4734735e+000  2.0000000e+000  3.9810185e+000
  1.4754755e+000  2.0000000e+000  3.9820227e+000
  1.4774775e+000  2.0000000e+000  3.9830221e+000
  1.4794795e+000  2.0000000e+000  3.9840163e+000
  1.4814815e+000  2.0000000e+000  3.9850050e+000
  1.4834835e+000  2.0000000e+000  3.9859878e+000
  1.4854855e+000  2.0000000e+000  3.9869645e+000
  1.4874875e+000  2.0000000e+000  3.9879348e+000
  1.4894895e+000  2.0000000e+000  3.9888982e+000
  1.4914915e+000  2.0000000e+000  3.9898546e+000
  1.4934935e+000  2.0000000e+000  3.9908036e+000
  1.4954955e+000  2.0000000e+000  3.9917449e+000
  1.4974975e+000  2.0000000e+000  3.9926783e+000
  1.4994995e+000  2.0000000e+000  3.9936035e+000
  1.5015015e+000  2.0000000e+000  3.9945201e+000
  1.5035035e+000  2.0000000e+000  3.9954280e+000
  1.5055055e+000  2.0000000e+000  3.9963269e+000
  1.5075075e+000  2.0000000e+000  3.9972165e+000
  1.5095095e+000  2.0000000e+000  3.9980966e+000
  1.5115115e+000  2.0000000e+000  3.9989669e+000
  1.5135135e+000  2.0000000e+000  3.9998273e+000
  1.5155155e+000  2.0000000e+000  4.0006775e+000
  1.5175175e+000  2.0000000e+000  4.0015172e+000
  1.5195195e+000  2.0000000e+000  4.0023463e+000
  1.5215215e+000  2.0000000e+000  4.0031646e+000
  1.5235235e+000  2.0000000e+000  4.0039718e+000
  1.5255255e+000  2.0000000e+000  4.0047678e+000
  1.5275275e+000  2.0000000e+000  4.0055524e+000
  1.5295295e+000  2.0000000e+000  4.0063255e+000
  1.5315315e+000  2.0000000e+000  4.0070868e+000
  1.5335335e+000  2.0000000e+000  4.0078361e+000
  1.5355355e+000  2.0000000e+000  4.0085734e+000
  1.5375375e+000  2.0000000e+000  4.0092985e+000
  1.5395395e+000  2.0000000e+000  4.0100112e+000
  1.5415415e+000  2.0000000e+000  4.0107115e+000
  1.5435435e+000  2.0000000e+000  4.0113991e+000
  1.5455455e+000  2.0000000e+000  4.0120739e+000
  1.5475475e+000  2.0000000e+000  4.0127359e+000
  1.5495495e+000  2.0000000e+000  4.0133849e+000
  1.5515516e+000  2.0000000e+000  4.0140208e+000
  1.5535536e+000  2.0000000e+000  4.0146435e+000
  1.5555556e+000  2.0000000e+000  4.0152530e+000
  1.5575576e+000  2.0000000e+000  4.0158491e+000
  1.5595596e+000  2.0000000e+000  4.0164318e+000
  1.5615616e+000  2.0000000e+000  4.0170010e+000
  1.5635636e+000  2.0000000e+000  4.0175566e+000
  1.5655656e+000  2.0000000e+000  4.0180986e+000
  1.5675676e+000  2.0000000e+000  4.0186269e+000
  1.5695696e+000  2.0000000e+000  4.0191414e+000
  1.5715716e+000  2.0000000e+000  4.0196422e+000
  1.5735736e+000  2.0000000e+000  4.0201292e+000
  1.5755756e+000  2.0000000e+000  4.0206024e+000
  1.5775776e+000  2.0000000e+000  4.0210617e+000
  1.5795796e+000  2.0000000e+000  4.0215071e+000
  1.5815816e+000  2.0000000e+000  4.0219387e+000
  1.5835836e+000  2.0000000e+000  4.0223563e+000
  1.5855856e+000  2.0000000e+000  4.0227601e+000
  1.5875876e+000  2.0000000e+000  4.0231499e+000
  1.5895896e+000  2.0000000e+000  4.0235259e+000
  1.5915916e+000  2.0000000e+000  4.0238881e+000
  1.5935936e+000  2.0000000e+000  4.0242363e+000
  1.5955956e+000  2.0000000e+000  4.0245708e+000
  1.5975976e+000  2.0000000e+000  4.0248915e+000
  1.5995996e+000  2.0000000e+000  4.0251985e+000
  1.6016016e+000  2.0000000e+000  4.0254917e+000
  1.6036036e+000  2.0000000e+000  4.0257713e+000
  1.6056056e+000  2.0000000e+000  4.0260373e+000
  1.6076076e+000  2.0000000e+000  4.0262897e+000
  1.6096096e+000  2.0000000e+000  4.0265286e+000
  1.6116116e+000  2.0000000e+000  4.0267542e+000
  1.6136136e+000  2.0000000e+000  4.0269663e+000
  1.6156156e+000  2.0000000e+000  4.0271652e+000
  1.6176176e+000  2.0000000e+000  4.0273509e+000
  1.6196196e+000  2.0000000e+000  4.0275235e+000
  1.6216216e+000  2.0000000e+000  4.0276831e+000
  1.6236236e+000  2.0000000e+000  4.0278297e+000
  1.6256256e+000  2.0000000e+000  4.0279635e+000
  1.6276276e+000  2.0000000e+000  4.0280845e+000
  1.6296296e+000  2.0000000e+000  4.0281929e+000
  1.6316316e+000  2.0000000e+000  4.0282888e+000
  1.6336336e+000  2.0000000e+000  4.0283723e+000
  1.6356356e+000  2.0000000e+000  4.0284435e+000
  1.6376376e+000  2.0000000e+000  4.0285025e+000
  1.6396396e+000  2.0000000e+000  4.0285494e+000
  1.6416416e+000  2.0000000e+000  4.0285844e+000
  1.6436436e+000  2.0000000e+000  4.0286076e+000
  1.6456456e+000  2.0000000e+000  4.0286191e+000
  1.6476476e+000  2.0000000e+000  4.0286191e+000
  1.6496496e+000  2.0000000e+000  4.0286076e+000
  1.6516517e+000  2.0000000e+000  4.0285850e+000
  1.6536537e+000  2.0000000e+000  4.0285512e+000
  1.6556557e+000  2.0000000e+000  4.0285064e+000
  1.6576577e+000  2.0000000e+000  4.0284508e+000
  1.6596597e+000  2.0000000e+000  4.0283845e+000
  1.6616617e+000  2.0000000e+000  4.0283078e+000
  1.6636637e+000  2.0000000e+000  4.0282206e+000
  1.6656657e+000  2.0000000e+000  4.0281233e+000
  1.6676677e+000  2.0000000e+000  4.0280159e+000
  1.6696697e+000  2.0000000e+000  4.0278986e+000
  1.6716717e+000  2.0000000e+000  4.0277716e+000
  1.6736737e+000  2.0000000e+000  4.0276351e+000
  1.6756757e+000  2.0000000e+000  4.0274892e+000
  1.6776777e+000  2.0000000e+000  4.0273341e+000
  1.6796797e+000  2.0000000e+000  4.0271699e+000
  1.6816817e+000  2.0000000e+000  4.0269969e+000
  1.6836837e+000  2.0000000e+000  4.0268152e+000
  1.6856857e+000  2.0000000e+000  4.0266250e+000
  1.6876877e+000  2.0000000e+000  4.0264264e+000
  1.6896897e+000  2.0000000e+000  4.0262197e+000
  1.6916917e+000  2.0000000e+000  4.0260050e+000
  1.6936937e+000  2.0000000e+000  4.0257825e+000
  1.6956957e+000  2.0000000e+000  4.0255524e+000
  1.6976977e+000  2.0000000e+000  4.0253149e+000
  1.6996997e+000  2.0000000e+000  4.0250701e+000
  1.7017017e+000  2.0000000e+000  4.0248183e+000
  1.7037037e+000  2.0000000e+000  4.0245595e+000
  1.7057057e+000  2.0000000e+000  4.0242941e+000
  1.7077077e+000  2.0000000e+000  4.0240222e+000
  1.7097097e+000  2.0000000e+000  4.0237439e+000
  1.7117117e+000  2.0000000e+000  4.0234595e+000
  1.7137137e+000  2.0000000e+000  4.0231692e+000
  1.7157157e+000  2.0000000e+000  4.0228731e+000
  1.7177177e+000  2.0000000e+000  4.0225714e+000
  1.7197197e+000  2.0000000e+000  4.0222643e+000
  1.7217217e+000  2.0000000e+000  4.0219521e+000
  1.7237237e+000  2.0000000e+000  4.0216348e+000
  1.7257257e+000  2.0000000e+000  4.0213126e+000
  1.7277277e+000  2.0000000e+000  4.0209859e+000
  1.7297297e+000  2.0000000e+000  4.0206546e+000
  1.7317317e+000  2.0000000e+000  4.0203191e+000
  1.7337337e+000  2.0000000e+000  4.0199795e+000
  1.7357357e+000  2.0000000e+000  4.0196360e+000
  1.7377377e+000  2.0000000e+000  4.0192888e+000
  1.7397397e+000  2.0000000e+000  4.0189381e+000
  1.7417417e+000  2.0000000e+000  4.0185840e+000
  1.7437437e+000  2.0000000e+000  4.0182267e+000
  1.7457457e+000  2.0000000e+000  4.0178664e+000
  1.7477477e+000  2.0000000e+000  4.0175033e+000
  1.7497497e+000  2.0000000e+000  4.0171375e+000
  1.7517518e+000  2.0000000e+000  4.0167694e+000
  1.7537538e+000  2.0000000e+000  4.0163989e+000
  1.7557558e+000  2.0000000e+000  4.0160263e+000
  1.7577578e+000  2.0000000e+000  4.0156517e+000
  1.7597598e+000  2.0000000e+000  4.0152755e+000
  1.7617618e+000  2.0000000e+000  4.0148976e+000
  1.7637638e+000  2.0000000e+000  4.0145183e+000
  1.7657658e+000  2.0000000e+000  4.0141377e+000
  1.7677678e+000  2.0000000e+000  4.0137561e+000
  1.7697698e+000  2.0000000e+000  4.0133735e+000
  1.7717718e+000  2.0000000e+000  4.0129901e+000
  1.7737738e+000  2.0000000e+000  4.0126062e+000
  1.7757758e+000  2.0000000e+000  4.0122218e+000
  1.7777778e+000  2.0000000e+000  4.0118372e+000
  1.7797798e+000  2.0000000e+000  4.0114524e+000
  1.7817818e+000  2.0000000e+000  4.0110677e+000
  1.7837838e+000  2.0000000e+000  4.0106831e+000
  1.7857858e+000  2.0000000e+000  4.0102989e+000
  1.7877878e+000  2.0000000e+000  4.0099152e+000
  1.7897898e+000  2.0000000e+000  4.0095321e+000
  1.7917918e+000  2.0000000e+000  4.0091497e+000
  1.7937938e+000  2.0000000e+000  4.0087683e+000
  1.7957958e+000  2.0000000e+000  4.0083880e+000
  1.7977978e+000  2.0000000e+000  4.0080088e+000
  1.7997998e+000  2.0000000e+000  4.0076310e+000
  1.8018018e+000  2.0000000e+000  4.0072547e+000
  1.8038038e+000  2.0000000e+000  4.0068800e+000
  1.8058058e+000  2.0000000e+000  4.0065070e+000
  1.8078078e+000  2.0000000e+000  4.0061358e+000
  1.8098098e+000  2.0000000e+000  4.0057667e+000
  1.8118118e+000  2.0000000e+000  4.0053996e+000
  1.8138138e+000  2.0000000e+000  4.0050348e+000
  1.8158158e+000  2.0000000e+000  4.0046723e+000
  1.8178178e+000  2.0000000e+000  4.0043123e+000
  1.8198198e+000  2.0000000e+000  4.0039549e+000
  1.8218218e+000  2.0000000e+000  4.0036002e+000
  1.8238238e+000  2.0000000e+000  4.0032483e+000
  1.8258258e+000  2.0000000e+000  4.0028993e+000
  1.8278278e+000  2.0000000e+000  4.0025533e+000
  1.8298298e+000  2.0000000e+000  4.0022104e+000
  1.8318318e+000  2.0000000e+000  4.0018707e+000
  1.8338338e+000  2.0000000e+000  4.0015343e+000
  1.8358358e+000  2.0000000e+000  4.0012014e+000
  1.8378378e+000  2.0000000e+000  4.0008719e+000
  1.8398398e+000  2.0000000e+000  4.0005461e+000
  1.8418418e+000  2.0000000e+000  4.0002238e+000
  1.8438438e+000  2.0000000e+000  3.9999054e+000
  1.8458458e+000  2.0000000e+000  3.9995908e+000
  1.8478478e+000  2.0000000e+000  3.9992801e+000
  1.8498498e+000  2.0000000e+000  3.9989734e+000
  1.8518519e+000  2.0000000e+000  3.9986708e+000
  1.8538539e+000  2.0000000e+000  3.9983723e+000
  1.8558559e+000  2.0000000e+000  3.9980781e+000
  1.8578579e+000  2.0000000e+000  3.9977881e+000
  1.8598599e+000  2.0000000e+000  3.9975025e+000
  1.8618619e+000  2.0000000e+000  3.9972212e+000
  1.8638639e+000  2.0000000e+000  3.9969444e+000
  1.8658659e+000  2.0000000e+000  3.9966722e+000
  1.8678679e+000  2.0000000e+000  3.9964045e+000
  1.8698699e+000  2.0000000e+000  3.9961415e+000
  1.8718719e+000  2.0000000e+000  3.9958831e+000
  1.8738739e+000  2.0000000e+000  3.9956295e+000
  1.8758759e+000  2.0000000e+000  3.9953806e+000
  1.8778779e+000  2.0000000e+000  3.9951366e+000
  1.8798799e+000  2.0000000e+000  3.9948974e+000
  1.8818819e+000  2.0000000e+000  3.9946630e+000
  1.8838839e+000  2.0000000e+000  3.9944336e+000
  1.8858859e+000  2.0000000e+000  3.9942092e+000
  1.8878879e+000  2.0000000e+000  3.9939898e+000
  1.8898899e+000  2.0000000e+000  3.9937753e+000
  1.8918919e+000  2.0000000e+000  3.9935659e+000
  1.8938939e+000  2.0000000e+000  3.9933616e+000
  1.8958959e+000  2.0000000e+000  3.9931624e+000
  1.8978979e+000  2.0000000e+000  3.9929682e+000
  1.8998999e+000  2.0000000e+000  3.9927792e+000
  1.9019019e+000  2.0000000e+000  3.9925953e+000
  1.9039039e+000  2.0000000e+000  3.9924166e+000
  1.9059059e+000  2.0000000e+000  3.9922430e+000
  1.9079079e+000  2.0000000e+000  3.9920745e+000
  1.9099099e+000  2.0000000e+000  3.9919113e+000
  1.9119119e+000  2.0000000e+000  3.9917532e+000
  1.9139139e+000  2.0000000e+000  3.9916003e+000
  1.9159159e+000  2.0000000e+000  3.9914525e+000
  1.9179179e+000  2.0000000e+000  3.9913100e+000
  1.9199199e+000  2.0000000e+000  3.9911726e+000
  1.9219219e+000  2.0000000e+000  3.9910403e+000
  1.9239239e+000  2.0000000e+000  3.9909132e+000
  1.9259259e+000  2.0000000e+000  3.9907912e+000
  1.9279279e+000  2.0000000e+000  3.9906744e+000
  1.9299299e+000  2.0000000e+000  3.9905627e+000
  1.9319319e+000  2.0000000e+000  3.9904560e+000
  1.9339339e+000  2.0000000e+000  3.9903545e+000
  1.9359359e+000  2.0000000e+000  3.9902580e+000
  1.9379379e+000  2.0000000e+000  3.9901665e+000
  1.9399399e+000  2.0000000e+000  3.9900800e+000
  1.9419419e+000  2.0000000e+000  3.9899986e+000
  1.9439439e+000  2.0000000e+000  3.9899221e+000
  1.9459459e+000  2.0000000e+000  3.9898505e+000
  1.9479479e+000  2.0000000e+000  3.9897838e+000
  1.9499499e+000  2.0000000e+000  3.9897219e+000
  1.9519520e+000  2.0000000e+000  3.9896650e+000
  1.9539540e+000  2.0000000e+000  3.9896128e+000
  1.9559560e+000  2.0000000e+000  3.9895653e+000
  1.9579580e+000  2.0000000e+000  3.9895226e+000
  1.9599600e+000  2.0000000e+000  3.9894846e+000
  1.9619620e+000  2.0000000e+000  3.9894512e+000
  1.9639640e+000  2.0000000e+000  3.9894224e+000
  1.9659660e+000  2.0000000e+000  3.9893982e+000
  1.9679680e+000  2.0000000e+000  3.9893785e+000
  1.9699700e+000  2.0000000e+000  3.9893632e+000
  1.9719720e+000  2.0000000e+000  3.9893524e+000
  1.9739740e+000  2.0000000e+000  3.9893460e+000
  1.9759760e+000  2.0000000e+000  3.9893438e+000
  1.9779780e+000  2.0000000e+000  3.9893460e+000
  1.9799800e+000  2.0000000e+000  3.9893523e+000
  1.9819820e+000  2.0000000e+000  3.9893629e+000
  1.9839840e+000  2.0000000e+000  3.9893775e+000
  1.9859860e+000  2.0000000e+000  3.9893962e+000
  1.9879880e+000  2.0000000e+000  3.9894189e+000
  1.9899900e+000  2.0000000e+000  3.9894455e+000
  1.9919920e+000  2.0000000e+000  3.9894760e+000
  1.9939940e+000  2.0000000e+000  3.9895104e+000
  1.9959960e+000  2.0000000e+000  3.9895485e+000
  1.9979980e+000  2.0000000e+000  3.9895903e+000
  2.0000000e+000  2.0000000e+000  3.9896358e+000
