  0.0000000e+000  2.0000000e+000  0.0000000e+000
  1.0010010e-003  2.0000000e+000  3.3547779e-004
  2.0020020e-003  2.0000000e+000  1.3311972e-003
  3.0030030e-003  2.0000000e+000  2.9712637e-003
  4.0040040e-003  2.0000000e+000  5.2400166e-003
  5.0050050e-003  2.0000000e+000  8.1220270e-003
  6.0060060e-003  2.0000000e+000  1.1602095e-002
  7.0070070e-003  2.0000000e+000  1.5665250e-002
  8.0080080e-003  2.0000000e+000  2.0296745e-002
  9.0090090e-003  2.0000000e+000  2.5482057e-002
  1.0010010e-002  2.0000000e+000  3.1206885e-002
  1.1011011e-002  2.0000000e+000  3.7457147e-002
  1.2012012e-002  2.0000000e+000  4.4218977e-002
  1.3013013e-002  2.0000000e+000  5.1478727e-002
  1.4014014e-002  2.0000000e+000  5.9222958e-002
  1.5015015e-002  2.0000000e+000  6.7438447e-002
  1.6016016e-002  2.0000000e+000  7.6112175e-002
  1.7017017e-002  2.0000000e+000  8.5231334e-002
  1.8018018e-002  2.0000000e+000  9.4783318e-002
  1.9019019e-002  2.0000000e+000  1.0475573e-001
  2.0020020e-002  2.0000000e+000  1.1513635e-001
  2.1021021e-002  2.0000000e+000  1.2591320e-001
  2.2022022e-002  2.0000000e+000  1.3707447e-001
  2.3023023e-002  2.0000000e+000  1.4860853e-001
  2.4024024e-002  2.0000000e+000  1.6050398e-001
  2.5025025e-002  2.0000000e+000  1.7274958e-001
  2.6026026e-002  2.0000000e+000  1.8533429e-001
  2.7027027e-002  2.0000000e+000  1.9824727e-001
  2.8028028e-002  2.0000000e+000  2.1147785e-001
  2.9029029e-002  2.0000000e+000  2.2501553e-001
  3.0030030e-002  2.0000000e+000  2.3885001e-001
  3.1031031e-002  2.0000000e+000  2.5297116e-001
  3.2032032e-002  2.0000000e+000  2.6736904e-001
  3.3033033e-002  2.0000000e+000  2.8203387e-001
  3.4034034e-002  2.0000000e+000  2.9695604e-001
  3.5035035e-002  2.0000000e+000  3.1212612e-001
  3.6036036e-002  2.0000000e+000  3.2753485e-001
  3.7037037e-002  2.0000000e+000  3.4317312e-001
  3.8038038e-002  2.0000000e+000  3.5903202e-001
  3.9039039e-002  2.0000000e+000  3.7510276e-001
  4.0040040e-002  2.0000000e+000  3.9137674e-001
  4.1041041e-002  2.0000000e+000  4.0784551e-001
  4.2042042e-002  2.0000000e+000  4.2450078e-001
  4.3043043e-002  2.0000000e+000  4.4133441e-001
  4.4044044e-002  2.0000000e+000  4.5833841e-001
  4.5045045e-002  2.0000000e+000  4.7550496e-001
  4.6046046e-002  2.0000000e+000  4.9282636e-001
  4.7047047e-002  2.0000000e+000  5.1029510e-001
  4.8048048e-002  2.0000000e+000  5.2790377e-001
  4.9049049e-002  2.0000000e+000  5.4564514e-001
  5.0050050e-002  2.0000000e+000  5.6351209e-001
  5.1051051e-002  2.0000000e+000  5.8149768e-001
  5.2052052e-002  2.0000000e+000  5.9959508e-001
  5.3053053e-002  2.0000000e+000  6.1779760e-001
  5.4054054e-002  2.0000000e+000  6.3609869e-001
  5.5055055e-002  2.0000000e+000  6.5449194e-001
  5.6056056e-002  2.0000000e+000  6.7297106e-001
  5.7057057e-002  2.0000000e+000  6.9152989e-001
  5.8058058e-002  2.0000000e+000  7.1016242e-001
  5.9059059e-002  2.0000000e+000  7.2886273e-001
  6.0060060e-002  2.0000000e+000  7.4762506e-001
  6.1061061e-002  2.0000000e+000  7.6644376e-001
  6.2062062e-002  2.0000000e+000  7.8531328e-001
  6.3063063e-002  2.0000000e+000  8.0422823e-001
  6.4064064e-002  2.0000000e+000  8.2318332e-001
  6.5065065e-002  2.0000000e+000  8.4217335e-001
  6.6066066e-002  2.0000000e+000  8.6119329e-001
  6.7067067e-002  2.0000000e+000  8.8023817e-001
  6.8068068e-002  2.0000000e+000  8.9930318e-001
  6.9069069e-002  2.0000000e+000  9.1838357e-001
  7.0070070e-002  2.0000000e+000  9.3747473e-001
  7.1071071e-002  2.0000000e+000  9.5657217e-001
  7.2072072e-002  2.0000000e+000  9.7567147e-001
  7.3073073e-002  2.0000000e+000  9.9476833e-001
  7.4074074e-002  2.0000000e+000  1.0138586e+000
  7.5075075e-002  2.0000000e+000  1.0329381e+000
  7.6076076e-002  2.0000000e+000  1.0520028e+000
  7.7077077e-002  2.0000000e+000  1.0710490e+000
  7.8078078e-002  2.0000000e+000  1.0900728e+000
  7.9079079e-002  2.0000000e+000  1.1090704e+000
  8.0080080e-002  2.0000000e+000  1.1280383e+000
  8.1081081e-002  2.0000000e+000  1.1469729e+000
  8.2082082e-002  2.0000000e+000  1.1658708e+000
  8.3083083e-002  2.0000000e+000  1.1847287e+000
  8.4084084e-002  2.0000000e+000  1.2035434e+000
  8.5085085e-002  2.0000000e+000  1.2223116e+000
  8.6086086e-002  2.0000000e+000  1.2410303e+000
  8.7087087e-002  2.0000000e+000  1.2596964e+000
  8.8088088e-002  2.0000000e+000  1.2783072e+000
  8.9089089e-002  2.0000000e+000  1.2968597e+000
  9.0090090e-002  2.0000000e+000  1.3153512e+000
  9.1091091e-002  2.0000000e+000  1.3337790e+000
  9.2092092e-002  2.0000000e+000  1.3521406e+000
  9.3093093e-002  2.0000000e+000  1.3704333e+000
  9.4094094e-002  2.0000000e+000  1.3886549e+000
  9.5095095e-002  2.0000000e+000  1.4068028e+000
  9.6096096e-002  2.0000000e+000  1.4248749e+000
  9.7097097e-002  2.0000000e+000  1.4428688e+000
  9.8098098e-002  2.0000000e+000  1.4607825e+000
  9.9099099e-002  2.0000000e+000  1.4786138e+000
  1.0010010e-001  2.0000000e+000  1.4963607e+000
  1.0110110e-001  2.0000000e+000  1.5140214e+000
  1.0210210e-001  2.0000000e+000  1.5315938e+000
  1.0310310e-001  2.0000000e+000  1.5490762e+000
  1.0410410e-001  2.0000000e+000  1.5664668e+000
  1.0510511e-001  2.0000000e+000  1.5837639e+000
  1.0610611e-001  2.0000000e+000  1.6009659e+000
  1.0710711e-001  2.0000000e+000  1.6180712e+000
  1.0810811e-001  2.0000000e+000  1.6350784e+000
  1.0910911e-001  2.0000000e+000  1.6519858e+000
  1.1011011e-001  2.0000000e+000  1.6687922e+000
  1.1111111e-001  2.0000000e+000  1.6854962e+000
  1.1211211e-001  2.0000000e+000  1.7020965e+000
  1.1311311e-001  2.0000000e+000  1.7185919e+000
  1.1411411e-001  2.0000000e+000  1.7349811e+000
  1.1511512e-001  2.0000000e+000  1.7512631e+000
  1.1611612e-001  2.0000000e+000  1.7674368e+000
  1.1711712e-001  2.0000000e+000  1.7835011e+000
  1.1811812e-001  2.0000000e+000  1.7994550e+000
  1.1911912e-001  2.0000000e+000  1.8152977e+000
  1.2012012e-001  2.0000000e+000  1.8310282e+000
  1.2112112e-001  2.0000000e+000  1.8466458e+000
  1.2212212e-001  2.0000000e+000  1.8621495e+000
  1.2312312e-001  2.0000000e+000  1.8775386e+000
  1.2412412e-001  2.0000000e+000  1.8928125e+000
  1.2512513e-001  2.0000000e+000  1.9079705e+000
  1.2612613e-001  2.0000000e+000  1.9230119e+000
  1.2712713e-001  2.0000000e+000  1.9379361e+000
  1.2812813e-001  2.0000000e+000  1.9527427e+000
  1.2912913e-001  2.0000000e+000  1.9674311e+000
  1.3013013e-001  2.0000000e+000  1.9820009e+000
  1.3113113e-001  2.0000000e+000  1.9964515e+000
  1.3213213e-001  2.0000000e+000  2.0107827e+000
  1.3313313e-001  2.0000000e+000  2.0249940e+000
  1.3413413e-001  2.0000000e+000  2.0390852e+000
  1.3513514e-001  2.0000000e+000  2.0530560e+000
  1.3613614e-001  2.0000000e+000  2.0669061e+000
  1.3713714e-001  2.0000000e+000  2.0806352e+000
  1.3813814e-001  2.0000000e+000  2.0942433e+000
  1.3913914e-001  2.0000000e+000  2.1077301e+000
  1.4014014e-001  2.0000000e+000  2.1210955e+000
  1.4114114e-001  2.0000000e+000  2.1343394e+000
  1.4214214e-001  2.0000000e+000  2.1474618e+000
  1.4314314e-001  2.0000000e+000  2.1604626e+000
  1.4414414e-001  2.0000000e+000  2.1733418e+000
  1.4514515e-001  2.0000000e+000  2.1860994e+000
  1.4614615e-001  2.0000000e+000  2.1987355e+000
  1.4714715e-001  2.0000000e+000  2.2112501e+000
  1.4814815e-001  2.0000000e+000  2.2236434e+000
  1.4914915e-001  2.0000000e+000  2.2359154e+000
  1.5015015e-001  2.0000000e+000  2.2480663e+000
  1.5115115e-001  2.0000000e+000  2.2600963e+000
  1.5215215e-001  2.0000000e+000  2.2720055e+000
  1.5315315e-001  2.0000000e+000  2.2837942e+000
  1.5415415e-001  2.0000000e+000  2.2954626e+000
  1.5515516e-001  2.0000000e+000  2.3070110e+000
  1.5615616e-001  2.0000000e+000  2.3184396e+000
  1.5715716e-001  2.0000000e+000  2.3297487e+000
  1.5815816e-001  2.0000000e+000  2.3409387e+000
  1.5915916e-001  2.0000000e+000  2.3520099e+000
  1.6016016e-001  2.0000000e+000  2.3629626e+000
  1.6116116e-001  2.0000000e+000  2.3737973e+000
  1.6216216e-001  2.0000000e+000  2.3845142e+000
  1.6316316e-001  2.0000000e+000  2.3951139e+000
  1.6416416e-001  2.0000000e+000  2.4055966e+000
  1.6516517e-001  2.0000000e+000  2.4159630e+000
  1.6616617e-001  2.0000000e+000  2.4262134e+000
  1.6716717e-001  2.0000000e+000  2.4363482e+000
  1.6816817e-001  2.0000000e+000  2.4463681e+000
  1.6916917e-001  2.0000000e+000  2.4562734e+000
  1.7017017e-001  2.0000000e+000  2.4660648e+000
  1.7117117e-001  2.0000000e+000  2.4757426e+000
  1.7217217e-001  2.0000000e+000  2.4853075e+000
  1.7317317e-001  2.0000000e+000  2.4947600e+000
  1.7417417e-001  2.0000000e+000  2.5041006e+000
  1.7517518e-001  2.0000000e+000  2.5133301e+000
  1.7617618e-001  2.0000000e+000  2.5224488e+000
  1.7717718e-001  2.0000000e+000  2.5314574e+000
  1.7817818e-001  2.0000000e+000  2.5403566e+000
  1.7917918e-001  2.0000000e+000  2.5491469e+000
  1.8018018e-001  2.0000000e+000  2.5578290e+000
  1.8118118e-001  2.0000000e+000  2.5664035e+000
  1.8218218e-001  2.0000000e+000  2.5748711e+000
  1.8318318e-001  2.0000000e+000  2.5832323e+000
  1.8418418e-001  2.0000000e+000  2.5914879e+000
  1.8518519e-001  2.0000000e+000  2.5996385e+000
  1.8618619e-001  2.0000000e+000  2.6076849e+000
  1.8718719e-001  2.0000000e+000  2.6156276e+000
  1.8818819e-001  2.0000000e+000  2.6234674e+000
  1.8918919e-001  2.0000000e+000  2.6312050e+000
  1.9019019e-001  2.0000000e+000  2.6388411e+000
  1.9119119e-001  2.0000000e+000  2.6463764e+000
  1.9219219e-001  2.0000000e+000  2.6538115e+000
  1.9319319e-001  2.0000000e+000  2.6611473e+000
  1.9419419e-001  2.0000000e+000  2.6683844e+000
  1.9519520e-001  2.0000000e+000  2.6755237e+000
  1.9619620e-001  2.0000000e+000  2.6825657e+000
  1.9719720e-001  2.0000000e+000  2.6895112e+000
  1.9819820e-001  2.0000000e+000  2.6963611e+000
  1.9919920e-001  2.0000000e+000  2.7031160e+000
  2.0020020e-001  2.0000000e+000  2.7097767e+000
  2.0120120e-001  2.0000000e+000  2.7163439e+000
  2.0220220e-001  2.0000000e+000  2.7228185e+000
  2.0320320e-001  2.0000000e+000  2.7292010e+000
  2.0420420e-001  2.0000000e+000  2.7354924e+000
  2.0520521e-001  2.0000000e+000  2.7416934e+000
  2.0620621e-001  2.0000000e+000  2.7478047e+000
  2.0720721e-001  2.0000000e+000  2.7538272e+000
  2.0820821e-001  2.0000000e+000  2.7597615e+000
  2.0920921e-001  2.0000000e+000  2.7656084e+000
  2.1021021e-001  2.0000000e+000  2.7713688e+000
  2.1121121e-001  2.0000000e+000  2.7770434e+000
  2.1221221e-001  2.0000000e+000  2.7826329e+000
  2.1321321e-001  2.0000000e+000  2.7881382e+000
  2.1421421e-001  2.0000000e+000  2.7935599e+000
  2.1521522e-001  2.0000000e+000  2.7988990e+000
  2.1621622e-001  2.0000000e+000  2.8041561e+000
  2.1721722e-001  2.0000000e+000  2.8093321e+000
  2.1821822e-001  2.0000000e+000  2.8144277e+000
  2.1921922e-001  2.0000000e+000  2.8194436e+000
  2.2022022e-001  2.0000000e+000  2.8243807e+000
  2.2122122e-001  2.0000000e+000  2.8292397e+000
  2.2222222e-001  2.0000000e+000  2.8340215e+000
  2.2322322e-001  2.0000000e+000  2.8387267e+000
  2.2422422e-001  2.0000000e+000  2.8433561e+000
  2.2522523e-001  2.0000000e+000  2.8479105e+000
  2.2622623e-001  2.0000000e+000  2.8523907e+000
  2.2722723e-001  2.0000000e+000  2.8567974e+000
  2.2822823e-001  2.0000000e+000  2.8611314e+000
  2.2922923e-001  2.0000000e+000  2.8653935e+000
  2.3023023e-001  2.0000000e+000  2.8695844e+000
  2.3123123e-001  2.0000000e+000  2.8737049e+000
  2.3223223e-001  2.0000000e+000  2.8777556e+000
  2.3323323e-001  2.0000000e+000  2.8817375e+000
  2.3423423e-001  2.0000000e+000  2.8856512e+000
  2.3523524e-001  2.0000000e+000  2.8894974e+000
  2.3623624e-001  2.0000000e+000  2.8932770e+000
  2.3723724e-001  2.0000000e+000  2.8969906e+000
  2.3823824e-001  2.0000000e+000  2.9006390e+000
  2.3923924e-001  2.0000000e+000  2.9042229e+000
  2.4024024e-001  2.0000000e+000  2.9077431e+000
  2.4124124e-001  2.0000000e+000  2.9112003e+000
  2.4224224e-001  2.0000000e+000  2.9145952e+000
  2.4324324e-001  2.0000000e+000  2.9179286e+000
  2.4424424e-001  2.0000000e+000  2.9212011e+000
  2.4524525e-001  2.0000000e+000  2.9244134e+000
  2.4624625e-001  2.0000000e+000  2.9275664e+000
  2.4724725e-001  2.0000000e+000  2.9306606e+000
  2.4824825e-001  2.0000000e+000  2.9336969e+000
  2.4924925e-001  2.0000000e+000  2.9366758e+000
  2.5025025e-001  2.0000000e+000  2.9395981e+000
  2.5125125e-001  2.0000000e+000  2.9424646e+000
  2.5225225e-001  2.0000000e+000  2.9452758e+000
  2.5325325e-001  2.0000000e+000  2.9480324e+000
  2.5425425e-001  2.0000000e+000  2.9507352e+000
  2.5525526e-001  2.0000000e+000  2.9533848e+000
  2.5625626e-001  2.0000000e+000  2.9559819e+000
  2.5725726e-001  2.0000000e+000  2.9585271e+000
  2.5825826e-001  2.0000000e+000  2.9610212e+000
  2.5925926e-001  2.0000000e+000  2.9634648e+000
  2.6026026e-001  2.0000000e+000  2.9658584e+000
  2.6126126e-001  2.0000000e+000  2.9682029e+000
  2.6226226e-001  2.0000000e+000  2.9704988e+000
  2.6326326e-001  2.0000000e+000  2.9727468e+000
  2.6426426e-001  2.0000000e+000  2.9749474e+000
  2.6526527e-001  2.0000000e+000  2.9771015e+000
  2.6626627e-001  2.0000000e+000  2.9792095e+000
  2.6726727e-001  2.0000000e+000  2.9812720e+000
  2.6826827e-001  2.0000000e+000  2.9832898e+000
  2.6926927e-001  2.0000000e+000  2.9852635e+000
  2.7027027e-001  2.0000000e+000  2.9871935e+000
  2.7127127e-001  2.0000000e+000  2.9890806e+000
  2.7227227e-001  2.0000000e+000  2.9909253e+000
  2.7327327e-001  2.0000000e+000  2.9927283e+000
  2.7427427e-001  2.0000000e+000  2.9944901e+000
  2.7527528e-001  2.0000000e+000  2.9962112e+000
  2.7627628e-001  2.0000000e+000  2.9978924e+000
  2.7727728e-001  2.0000000e+000  2.9995342e+000
  2.7827828e-001  2.0000000e+000  3.0011370e+000
  2.7927928e-001  2.0000000e+000  3.0027016e+000
  2.8028028e-001  2.0000000e+000  3.0042284e+000
  2.8128128e-001  2.0000000e+000  3.0057181e+000
  2.8228228e-001  2.0000000e+000  3.0071711e+000
  2.8328328e-001  2.0000000e+000  3.0085880e+000
  2.8428428e-001  2.0000000e+000  3.0099693e+000
  2.8528529e-001  2.0000000e+000  3.0113157e+000
  2.8628629e-001  2.0000000e+000  3.0126276e+000
  2.8728729e-001  2.0000000e+000  3.0139055e+000
  2.8828829e-001  2.0000000e+000  3.0151500e+000
  2.8928929e-001  2.0000000e+000  3.0163616e+000
  2.9029029e-001  2.0000000e+000  3.0175407e+000
  2.9129129e-001  2.0000000e+000  3.0186880e+000
  2.9229229e-001  2.0000000e+000  3.0198039e+000
  2.9329329e-001  2.0000000e+000  3.0208889e+000
  2.9429429e-001  2.0000000e+000  3.0219434e+000
  2.9529530e-001  2.0000000e+000  3.0229681e+000
  2.9629630e-001  2.0000000e+000  3.0239633e+000
  2.9729730e-001  2.0000000e+000  3.0249295e+000
  2.9829830e-001  2.0000000e+000  3.0258673e+000
  2.9929930e-001  2.0000000e+000  3.0267770e+000
  3.0030030e-001  2.0000000e+000  3.0276592e+000
  3.0130130e-001  2.0000000e+000  3.0285143e+000
  3.0230230e-001  2.0000000e+000  3.0293427e+000
  3.0330330e-001  2.0000000e+000  3.0301449e+000
  3.0430430e-001  2.0000000e+000  3.0309214e+000
  3.0530531e-001  2.0000000e+000  3.0316725e+000
  3.0630631e-001  2.0000000e+000  3.0323988e+000
  3.0730731e-001  2.0000000e+000  3.0331006e+000
  3.0830831e-001  2.0000000e+000  3.0337783e+000
  3.0930931e-001  2.0000000e+000  3.0344325e+000
  3.1031031e-001  2.0000000e+000  3.0350635e+000
  3.1131131e-001  2.0000000e+000  3.0356716e+000
  3.1231231e-001  2.0000000e+000  3.0362574e+000
  3.1331331e-001  2.0000000e+000  3.0368212e+000
  3.1431431e-001  2.0000000e+000  3.0373634e+000
  3.1531532e-001  2.0000000e+000  3.0378845e+000
  3.1631632e-001  2.0000000e+000  3.0383847e+000
  3.1731732e-001  2.0000000e+000  3.0388645e+000
  3.1831832e-001  2.0000000e+000  3.0393242e+000
  3.1931932e-001  2.0000000e+000  3.0397643e+000
  3.2032032e-001  2.0000000e+000  3.0401850e+000
  3.2132132e-001  2.0000000e+000  3.0405869e+000
  3.2232232e-001  2.0000000e+000  3.0409701e+000
  3.2332332e-001  2.0000000e+000  3.0413351e+000
  3.2432432e-001  2.0000000e+000  3.0416823e+000
  3.2532533e-001  2.0000000e+000  3.0420119e+000
  3.2632633e-001  2.0000000e+000  3.0423244e+000
  3.2732733e-001  2.0000000e+000  3.0426200e+000
  3.2832833e-001  2.0000000e+000  3.0428991e+000
  3.2932933e-001  2.0000000e+000  3.0431620e+000
  3.3033033e-001  2.0000000e+000  3.0434090e+000
  3.3133133e-001  2.0000000e+000  3.0436405e+000
  3.3233233e-001  2.0000000e+000  3.0438568e+000
  3.3333333e-001  2.0000000e+000  3.0440582e+000
  3.3433433e-001  2.0000000e+000  3.0442450e+000
  3.3533534e-001  2.0000000e+000  3.0444175e+000
  3.3633634e-001  2.0000000e+000  3.0445761e+000
  3.3733734e-001  2.0000000e+000  3.0447209e+000
  3.3833834e-001  2.0000000e+000  3.0448523e+000
  3.3933934e-001  2.0000000e+000  3.0449706e+000
  3.4034034e-001  2.0000000e+000  3.0450761e+000
  3.4134134e-001  2.0000000e+000  3.0451691e+000
  3.4234234e-001  2.0000000e+000  3.0452497e+000
  3.4334334e-001  2.0000000e+000  3.0453184e+000
  3.4434434e-001  2.0000000e+000  3.0453754e+000
  3.4534535e-001  2.0000000e+000  3.0454209e+000
  3.4634635e-001  2.0000000e+000  3.0454552e+000
  3.4734735e-001  2.0000000e+000  3.0454785e+000
  3.4834835e-001  2.0000000e+000  3.0454912e+000
  3.4934935e-001  2.0000000e+000  3.0454934e+000
  3.5035035e-001  2.0000000e+000  3.0454855e+000
  3.5135135e-001  2.0000000e+000  3.0454676e+000
  3.5235235e-001  2.0000000e+000  3.0454400e+000
  3.5335335e-001  2.0000000e+000  3.0454030e+000
  3.5435435e-001  2.0000000e+000  3.0453567e+000
  3.5535536e-001  2.0000000e+000  3.0453014e+000
  3.5635636e-001  2.0000000e+000  3.0452373e+000
  3.5735736e-001  2.0000000e+000  3.0451646e+000
  3.5835836e-001  2.0000000e+000  3.0450837e+000
  3.5935936e-001  2.0000000e+000  3.0449946e+000
  3.6036036e-001  2.0000000e+000  3.0448976e+000
  3.6136136e-001  2.0000000e+000  3.0447929e+000
  3.6236236e-001  2.0000000e+000  3.0446807e+000
  3.6336336e-001  2.0000000e+000  3.0445612e+000
  3.6436436e-001  2.0000000e+000  3.0444346e+000
  3.6536537e-001  2.0000000e+000  3.0443012e+000
  3.6636637e-001  2.0000000e+000  3.0441610e+000
  3.6736737e-001  2.0000000e+000  3.0440143e+000
  3.6836837e-001  2.0000000e+000  3.0438613e+000
  3.6936937e-001  2.0000000e+000  3.0437022e+000
  3.7037037e-001  2.0000000e+000  3.0435371e+000
  3.7137137e-001  2.0000000e+000  3.0433662e+000
  3.7237237e-001  2.0000000e+000  3.0431897e+000
  3.7337337e-001  2.0000000e+000  3.0430078e+000
  3.7437437e-001  2.0000000e+000  3.0428206e+000
  3.7537538e-001  2.0000000e+000  3.0426284e+000
  3.7637638e-001  2.0000000e+000  3.0424312e+000
  3.7737738e-001  2.0000000e+000  3.0422292e+000
  3.7837838e-001  2.0000000e+000  3.0420226e+000
  3.7937938e-001  2.0000000e+000  3.0418116e+000
  3.8038038e-001  2.0000000e+000  3.0415962e+000
  3.8138138e-001  2.0000000e+000  3.0413767e+000
  3.8238238e-001  2.0000000e+000  3.0411532e+000
  3.8338338e-001  2.0000000e+000  3.0409259e+000
  3.8438438e-001  2.0000000e+000  3.0406948e+000
  3.8538539e-001  2.0000000e+000  3.0404601e+000
  3.8638639e-001  2.0000000e+000  3.0402220e+000
  3.8738739e-001  2.0000000e+000  3.0399806e+000
  3.8838839e-001  2.0000000e+000  3.0397360e+000
  3.8938939e-001  2.0000000e+000  3.0394883e+000
  3.9039039e-001  2.0000000e+000  3.0392378e+000
  3.9139139e-001  2.0000000e+000  3.0389844e+000
  3.9239239e-001  2.0000000e+000  3.0387284e+000
  3.9339339e-001  2.0000000e+000  3.0384698e+000
  3.9439439e-001  2.0000000e+000  3.0382088e+000
  3.9539540e-001  2.0000000e+000  3.0379455e+000
  3.9639640e-001  2.0000000e+000  3.0376800e+000
  3.9739740e-001  2.0000000e+000  3.0374124e+000
  3.9839840e-001  2.0000000e+000  3.0371428e+000
  3.9939940e-001  2.0000000e+000  3.0368713e+000
  4.0040040e-001  2.0000000e+000  3.0365981e+000
  4.0140140e-001  2.0000000e+000  3.0363232e+000
  4.0240240e-001  2.0000000e+000  3.0360467e+000
  4.0340340e-001  2.0000000e+000  3.0357688e+000
  4.0440440e-001  2.0000000e+000  3.0354895e+000
  4.0540541e-001  2.0000000e+000  3.0352089e+000
  4.0640641e-001  2.0000000e+000  3.0349272e+000
  4.0740741e-001  2.0000000e+000  3.0346443e+000
  4.0840841e-001  2.0000000e+000  3.0343604e+000
  4.0940941e-001  2.0000000e+000  3.0340757e+000
  4.1041041e-001  2.0000000e+000  3.0337901e+000
  4.1141141e-001  2.0000000e+000  3.0335037e+000
  4.1241241e-001  2.0000000e+000  3.0332167e+000
  4.1341341e-001  2.0000000e+000  3.0329291e+000
  4.1441441e-001  2.0000000e+000  3.0326410e+000
  4.1541542e-001  2.0000000e+000  3.0323524e+000
  4.1641642e-001  2.0000000e+000  3.0320635e+000
  4.1741742e-001  2.0000000e+000  3.0317743e+000
  4.1841842e-001  2.0000000e+000  3.0314849e+000
  4.1941942e-001  2.0000000e+000  3.0311954e+000
  4.2042042e-001  2.0000000e+000  3.0309058e+000
  4.2142142e-001  2.0000000e+000  3.0306161e+000
  4.2242242e-001  2.0000000e+000  3.0303266e+000
  4.2342342e-001  2.0000000e+000  3.0300371e+000
  4.2442442e-001  2.0000000e+000  3.0297478e+000
  4.2542543e-001  2.0000000e+000  3.0294588e+000
  4.2642643e-001  2.0000000e+000  3.0291701e+000
  4.2742743e-001  2.0000000e+000  3.0288817e+000
  4.2842843e-001  2.0000000e+000  3.0285937e+000
  4.2942943e-001  2.0000000e+000  3.0283062e+000
  4.3043043e-001  2.0000000e+000  3.0280192e+000
  4.3143143e-001  2.0000000e+000  3.0277328e+000
  4.3243243e-001  2.0000000e+000  3.0274470e+000
  4.3343343e-001  2.0000000e+000  3.0271619e+000
  4.3443443e-001  2.0000000e+000  3.0268775e+000
  4.3543544e-001  2.0000000e+000  3.0265939e+000
  4.3643644e-001  2.0000000e+000  3.0263110e+000
  4.3743744e-001  2.0000000e+000  3.0260290e+000
  4.3843844e-001  2.0000000e+000  3.0257480e+000
  4.3943944e-001  2.0000000e+000  3.0254678e+000
  4.4044044e-001  2.0000000e+000  3.0251886e+000
  4.4144144e-001  2.0000000e+000  3.0249105e+000
  4.4244244e-001  2.0000000e+000  3.0246334e+000
  4.4344344e-001  2.0000000e+000  3.0243574e+000
  4.4444444e-001  2.0000000e+000  3.0240825e+000
  4.4544545e-001  2.0000000e+000  3.0238088e+000
  4.4644645e-001  2.0000000e+000  3.0235362e+000
  4.4744745e-001  2.0000000e+000  3.0232649e+000
  4.4844845e-001  2.0000000e+000  3.0229949e+000
  4.4944945e-001  2.0000000e+000  3.0227261e+000
  4.5045045e-001  2.0000000e+000  3.0224587e+000
  4.5145145e-001  2.0000000e+000  3.0221926e+000
  4.5245245e-001  2.0000000e+000  3.0219279e+000
  4.5345345e-001  2.0000000e+000  3.0216646e+000
  4.5445445e-001  2.0000000e+000  3.0214027e+000
  4.5545546e-001  2.0000000e+000  3.0211422e+000
  4.5645646e-001  2.0000000e+000  3.0208832e+000
  4.5745746e-001  2.0000000e+000  3.0206257e+000
  4.5845846e-001  2.0000000e+000  3.0203698e+000
  4.5945946e-001  2.0000000e+000  3.0201154e+000
  4.6046046e-001  2.0000000e+000  3.0198625e+000
  4.6146146e-001  2.0000000e+000  3.0196112e+000
  4.6246246e-001  2.0000000e+000  3.0193615e+000
  4.6346346e-001  2.0000000e+000  3.0191134e+000
  4.6446446e-001  2.0000000e+000  3.0188670e+000
  4.6546547e-001  2.0000000e+000  3.0186222e+000
  4.6646647e-001  2.0000000e+000  3.0183791e+000
  4.6746747e-001  2.0000000e+000  3.0181376e+000
  4.6846847e-001  2.0000000e+000  3.0178978e+000
  4.6946947e-001  2.0000000e+000  3.0176598e+000
  4.7047047e-001  2.0000000e+000  3.0174234e+000
  4.7147147e-001  2.0000000e+000  3.0171888e+000
  4.7247247e-001  2.0000000e+000  3.0169559e+000
  4.7347347e-001  2.0000000e+000  3.0167248e+000
  4.7447447e-001  2.0000000e+000  3.0164954e+000
  4.7547548e-001  2.0000000e+000  3.0162678e+000
  4.7647648e-001  2.0000000e+000  3.0160420e+000
  4.7747748e-001  2.0000000e+000  3.0158180e+000
  4.7847848e-001  2.0000000e+000  3.0155958e+000
  4.7947948e-001  2.0000000e+000  3.0153753e+000
  4.8048048e-001  2.0000000e+000  3.0151567e+000
  4.8148148e-001  2.0000000e+000  3.0149399e+000
  4.8248248e-001  2.0000000e+000  3.0147249e+000
  4.8348348e-001  2.0000000e+000  3.0145117e+000
  4.8448448e-001  2.0000000e+000  3.0143004e+000
  4.8548549e-001  2.0000000e+000  3.0140909e+000
  4.8648649e-001  2.0000000e+000  3.0138832e+000
  4.8748749e-001  2.0000000e+000  3.0136773e+000
  4.8848849e-001  2.0000000e+000  3.0134733e+000
  4.8948949e-001  2.0000000e+000  3.0132712e+000
  4.9049049e-001  2.0000000e+000  3.0130709e+000
  4.9149149e-001  2.0000000e+000  3.0128724e+000
  4.9249249e-001  2.0000000e+000  3.0126758e+000
  4.9349349e-001  2.0000000e+000  3.0124810e+000
  4.9449449e-001  2.0000000e+000  3.0122880e+000
  4.9549550e-001  2.0000000e+000  3.0120969e+000
  4.9649650e-001  2.0000000e+000  3.0119077e+000
  4.9749750e-001  2.0000000e+000  3.0117203e+000
  4.9849850e-001  2.0000000e+000  3.0115347e+000
  4.9949950e-001  2.0000000e+000  3.0113509e+000
  5.0050050e-001  2.0000000e+000  3.0111690e+000
  5.0150150e-001  2.0000000e+000  3.0109889e+000
  5.0250250e-001  2.0000000e+000  3.0108107e+000
  5.0350350e-001  2.0000000e+000  3.0106343e+000
  5.0450450e-001  2.0000000e+000  3.0104596e+000
  5.0550551e-001  2.0000000e+000  3.0102868e+000
  5.0650651e-001  2.0000000e+000  3.0101159e+000
  5.0750751e-001  2.0000000e+000  3.0099467e+000
  5.0850851e-001  2.0000000e+000  3.0097793e+000
  5.0950951e-001  2.0000000e+000  3.0096137e+000
  5.1051051e-001  2.0000000e+000  3.0094499e+000
  5.1151151e-001  2.0000000e+000  3.0092879e+000
  5.1251251e-001  2.0000000e+000  3.0091277e+000
  5.1351351e-001  2.0000000e+000  3.0089692e+000
  5.1451451e-001  2.0000000e+000  3.0088125e+000
  5.1551552e-001  2.0000000e+000  3.0086576e+000
  5.1651652e-001  2.0000000e+000  3.0085044e+000
  5.1751752e-001  2.0000000e+000  3.0083529e+000
  5.1851852e-001  2.0000000e+000  3.0082032e+000
  5.1951952e-001  2.0000000e+000  3.0080552e+000
  5.2052052e-001  2.0000000e+000  3.0079089e+000
  5.2152152e-001  2.0000000e+000  3.0077643e+000
  5.2252252e-001  2.0000000e+000  3.0076215e+000
  5.2352352e-001  2.0000000e+000  3.0074803e+000
  5.2452452e-001  2.0000000e+000  3.0073408e+000
  5.2552553e-001  2.0000000e+000  3.0072030e+000
  5.2652653e-001  2.0000000e+000  3.0070669e+000
  5.2752753e-001  2.0000000e+000  3.0069324e+000
  5.2852853e-001  2.0000000e+000  3.0067996e+000
  5.2952953e-001  2.0000000e+000  3.0066684e+000
  5.3053053e-001  2.0000000e+000  3.0065388e+000
  5.3153153e-001  2.0000000e+000  3.0064108e+000
  5.3253253e-001  2.0000000e+000  3.0062845e+000
  5.3353353e-001  2.0000000e+000  3.0061598e+000
  5.3453453e-001  2.0000000e+000  3.0060366e+000
  5.3553554e-001  2.0000000e+000  3.0059150e+000
  5.3653654e-001  2.0000000e+000  3.0057950e+000
  5.3753754e-001  2.0000000e+000  3.0056766e+000
  5.3853854e-001  2.0000000e+000  3.0055597e+000
  5.3953954e-001  2.0000000e+000  3.0054443e+000
  5.4054054e-001  2.0000000e+000  3.0053305e+000
  5.4154154e-001  2.0000000e+000  3.0052182e+000
  5.4254254e-001  2.0000000e+000  3.0051073e+000
  5.4354354e-001  2.0000000e+000  3.0049980e+000
  5.4454454e-001  2.0000000e+000  3.0048902e+000
  5.4554555e-001  2.0000000e+000  3.0047838e+000
  5.4654655e-001  2.0000000e+000  3.0046789e+000
  5.4754755e-001  2.0000000e+000  3.0045754e+000
  5.4854855e-001  2.0000000e+000  3.0044734e+000
  5.4954955e-001  2.0000000e+000  3.0043728e+000
  5.5055055e-001  2.0000000e+000  3.0042736e+000
  5.5155155e-001  2.0000000e+000  3.0041758e+000
  5.5255255e-001  2.0000000e+000  3.0040794e+000
  5.5355355e-001  2.0000000e+000  3.0039844e+000
  5.5455455e-001  2.0000000e+000  3.0038907e+000
  5.5555556e-001  2.0000000e+000  3.0037984e+000
  5.5655656e-001  2.0000000e+000  3.0037075e+000
  5.5755756e-001  2.0000000e+000  3.0036179e+000
  5.5855856e-001  2.0000000e+000  3.0035296e+000
  5.5955956e-001  2.0000000e+000  3.0034426e+000
  5.6056056e-001  2.0000000e+000  3.0033569e+000
  5.6156156e-001  2.0000000e+000  3.0032725e+000
  5.6256256e-001  2.0000000e+000  3.0031894e+000
  5.6356356e-001  2.0000000e+000  3.0031075e+000
  5.6456456e-001  2.0000000e+000  3.0030269e+000
  5.6556557e-001  2.0000000e+000  3.0029475e+000
  5.6656657e-001  2.0000000e+000  3.0028694e+000
  5.6756757e-001  2.0000000e+000  3.0027925e+000
  5.6856857e-001  2.0000000e+000  3.0027167e+000
  5.6956957e-001  2.0000000e+000  3.0026422e+000
  5.7057057e-001  2.0000000e+000  3.0025689e+000
  5.7157157e-001  2.0000000e+000  3.0024967e+000
  5.7257257e-001  2.0000000e+000  3.0024257e+000
  5.7357357e-001  2.0000000e+000  3.0023558e+000
  5.7457457e-001  2.0000000e+000  3.0022870e+000
  5.7557558e-001  2.0000000e+000  3.0022194e+000
  5.7657658e-001  2.0000000e+000  3.0021529e+000
  5.7757758e-001  2.0000000e+000  3.0020875e+000
  5.7857858e-001  2.0000000e+000  3.0020231e+000
  5.7957958e-001  2.0000000e+000  3.0019599e+000
  5.8058058e-001  2.0000000e+000  3.0018977e+000
  5.8158158e-001  2.0000000e+000  3.0018366e+000
  5.8258258e-001  2.0000000e+000  3.0017765e+000
  5.8358358e-001  2.0000000e+000  3.0017174e+000
  5.8458458e-001  2.0000000e+000  3.0016594e+000
  5.8558559e-001  2.0000000e+000  3.0016024e+000
  5.8658659e-001  2.0000000e+000  3.0015463e+000
  5.8758759e-001  2.0000000e+000  3.0014913e+000
  5.8858859e-001  2.0000000e+000  3.0014372e+000
  5.8958959e-001  2.0000000e+000  3.0013841e+000
  5.9059059e-001  2.0000000e+000  3.0013319e+000
  5.9159159e-001  2.0000000e+000  3.0012807e+000
  5.9259259e-001  2.0000000e+000  3.0012304e+000
  5.9359359e-001  2.0000000e+000  3.0011811e+000
  5.9459459e-001  2.0000000e+000  3.0011326e+000
  5.9559560e-001  2.0000000e+000  3.0010850e+000
  5.9659660e-001  2.0000000e+000  3.0010384e+000
  5.9759760e-001  2.0000000e+000  3.0009926e+000
  5.9859860e-001  2.0000000e+000  3.0009476e+000
  5.9959960e-001  2.0000000e+000  3.0009036e+000
  6.0060060e-001  2.0000000e+000  3.0008603e+000
  6.0160160e-001  2.0000000e+000  3.0008179e+000
  6.0260260e-001  2.0000000e+000  3.0007764e+000
  6.0360360e-001  2.0000000e+000  3.0007356e+000
  6.0460460e-001  2.0000000e+000  3.0006957e+000
  6.0560561e-001  2.0000000e+000  3.0006565e+000
  6.0660661e-001  2.0000000e+000  3.0006181e+000
  6.0760761e-001  2.0000000e+000  3.0005805e+000
  6.0860861e-001  2.0000000e+000  3.0005437e+000
  6.0960961e-001  2.0000000e+000  3.0005076e+000
  6.1061061e-001  2.0000000e+000  3.0004723e+000
  6.1161161e-001  2.0000000e+000  3.0004376e+000
  6.1261261e-001  2.0000000e+000  3.0004038e+000
  6.1361361e-001  2.0000000e+000  3.0003706e+000
  6.1461461e-001  2.0000000e+000  3.0003381e+000
  6.1561562e-001  2.0000000e+000  3.0003064e+000
  6.1661662e-001  2.0000000e+000  3.0002753e+000
  6.1761762e-001  2.0000000e+000  3.0002449e+000
  6.1861862e-001  2.0000000e+000  3.0002151e+000
  6.1961962e-001  2.0000000e+000  3.0001860e+000
  6.2062062e-001  2.0000000e+000  3.0001576e+000
  6.2162162e-001  2.0000000e+000  3.0001298e+000
  6.2262262e-001  2.0000000e+000  3.0001026e+000
  6.2362362e-001  2.0000000e+000  3.0000761e+000
  6.2462462e-001  2.0000000e+000  3.0000502e+000
  6.2562563e-001  2.0000000e+000  3.0000248e+000
  6.2662663e-001  2.0000000e+000  3.0000001e+000
  6.2762763e-001  2.0000000e+000  2.9999760e+000
  6.2862863e-001  2.0000000e+000  2.9999524e+000
  6.2962963e-001  2.0000000e+000  2.9999294e+000
  6.3063063e-001  2.0000000e+000  2.9999070e+000
  6.3163163e-001  2.0000000e+000  2.9998851e+000
  6.3263263e-001  2.0000000e+000  2.9998638e+000
  6.3363363e-001  2.0000000e+000  2.9998430e+000
  6.3463463e-001  2.0000000e+000  2.9998227e+000
  6.3563564e-001  2.0000000e+000  2.9998030e+000
  6.3663664e-001  2.0000000e+000  2.9997837e+000
  6.3763764e-001  2.0000000e+000  2.9997650e+000
  6.3863864e-001  2.0000000e+000  2.9997468e+000
  6.3963964e-001  2.0000000e+000  2.9997290e+000
  6.4064064e-001  2.0000000e+000  2.9997118e+000
  6.4164164e-001  2.0000000e+000  2.9996950e+000
  6.4264264e-001  2.0000000e+000  2.9996787e+000
  6.4364364e-001  2.0000000e+000  2.9996628e+000
  6.4464464e-001  2.0000000e+000  2.9996474e+000
  6.4564565e-001  2.0000000e+000  2.9996324e+000
  6.4664665e-001  2.0000000e+000  2.9996179e+000
  6.4764765e-001  2.0000000e+000  2.9996038e+000
  6.4864865e-001  2.0000000e+000  2.9995901e+000
  6.4964965e-001  2.0000000e+000  2.9995768e+000
  6.5065065e-001  2.0000000e+000  2.9995640e+000
  6.5165165e-001  2.0000000e+000  2.9995515e+000
  6.5265265e-001  2.0000000e+000  2.9995395e+000
  6.5365365e-001  2.0000000e+000  2.9995278e+000
  6.5465465e-001  2.0000000e+000  2.9995165e+000
  6.5565566e-001  2.0000000e+000  2.9995056e+000
  6.5665666e-001  2.0000000e+000  2.9994951e+000
  6.5765766e-001  2.0000000e+000  2.9994849e+000
  6.5865866e-001  2.0000000e+000  2.9994751e+000
  6.5965966e-001  2.0000000e+000  2.9994656e+000
  6.6066066e-001  2.0000000e+000  2.9994565e+000
  6.6166166e-001  2.0000000e+000  2.9994477e+000
  6.6266266e-001  2.0000000e+000  2.9994393e+000
  6.6366366e-001  2.0000000e+000  2.9994311e+000
  6.6466466e-001  2.0000000e+000  2.9994233e+000
  6.6566567e-001  2.0000000e+000  2.9994158e+000
  6.6666667e-001  2.0000000e+000  2.9994086e+000
  6.6766767e-001  2.0000000e+000  2.9994017e+000
  6.6866867e-001  2.0000000e+000  2.9993952e+000
  6.6966967e-001  2.0000000e+000  2.9993889e+000
  6.7067067e-001  2.0000000e+000  2.9993828e+000
  6.7167167e-001  2.0000000e+000  2.9993771e+000
  6.7267267e-001  2.0000000e+000  2.9993716e+000
  6.7367367e-001  2.0000000e+000  2.9993665e+000
  6.7467467e-001  2.0000000e+000  2.9993615e+000
  6.7567568e-001  2.0000000e+000  2.9993569e+000
  6.7667668e-001  2.0000000e+000  2.9993525e+000
  6.7767768e-001  2.0000000e+000  2.9993483e+000
  6.7867868e-001  2.0000000e+000  2.9993444e+000
  6.7967968e-001  2.0000000e+000  2.9993407e+000
  6.8068068e-001  2.0000000e+000  2.9993373e+000
  6.8168168e-001  2.0000000e+000  2.9993340e+000
  6.8268268e-001  2.0000000e+000  2.9993310e+000
  6.8368368e-001  2.0000000e+000  2.9993283e+000
  6.8468468e-001  2.0000000e+000  2.9993257e+000
  6.8568569e-001  2.0000000e+000  2.9993234e+000
  6.8668669e-001  2.0000000e+000  2.9993212e+000
  6.8768769e-001  2.0000000e+000  2.9993193e+000
  6.8868869e-001  2.0000000e+000  2.9993176e+000
  6.8968969e-001  2.0000000e+000  2.9993160e+000
  6.9069069e-001  2.0000000e+000  2.9993147e+000
  6.9169169e-001  2.0000000e+000  2.9993135e+000
  6.9269269e-001  2.0000000e+000  2.9993125e+000
  6.9369369e-001  2.0000000e+000  2.9993117e+000
  6.9469469e-001  2.0000000e+000  2.9993110e+000
  6.9569570e-001  2.0000000e+000  2.9993106e+000
  6.9669670e-001  2.0000000e+000  2.9993103e+000
  6.9769770e-001  2.0000000e+000  2.9993101e+000
  6.9869870e-001  2.0000000e+000  2.9993101e+000
  6.9969970e-001  2.0000000e+000  2.9993103e+000
  7.0070070e-001  2.0000000e+000  2.9993106e+000
  7.0170170e-001  2.0000000e+000  2.9993111e+000
  7.0270270e-001  2.0000000e+000  2.9993117e+000
  7.0370370e-001  2.0000000e+000  2.9993124e+000
  7.0470470e-001  2.0000000e+000  2.9993133e+000
  7.0570571e-001  2.0000000e+000  2.9993143e+000
  7.0670671e-001  2.0000000e+000  2.9993154e+000
  7.0770771e-001  2.0000000e+000  2.9993167e+000
  7.0870871e-001  2.0000000e+000  2.9993181e+000
  7.0970971e-001  2.0000000e+000  2.9993196e+000
  7.1071071e-001  2.0000000e+000  2.9993212e+000
  7.1171171e-001  2.0000000e+000  2.9993229e+000
  7.1271271e-001  2.0000000e+000  2.9993248e+000
  7.1371371e-001  2.0000000e+000  2.9993267e+000
  7.1471471e-001  2.0000000e+000  2.9993288e+000
  7.1571572e-001  2.0000000e+000  2.9993309e+000
  7.1671672e-001  2.0000000e+000  2.9993332e+000
  7.1771772e-001  2.0000000e+000  2.9993355e+000
  7.1871872e-001  2.0000000e+000  2.9993380e+000
  7.1971972e-001  2.0000000e+000  2.9993405e+000
  7.2072072e-001  2.0000000e+000  2.9993431e+000
  7.2172172e-001  2.0000000e+000  2.9993458e+000
  7.2272272e-001  2.0000000e+000  2.9993486e+000
  7.2372372e-001  2.0000000e+000  2.9993515e+000
  7.2472472e-001  2.0000000e+000  2.9993544e+000
  7.2572573e-001  2.0000000e+000  2.9993574e+000
  7.2672673e-001  2.0000000e+000  2.9993605e+000
  7.2772773e-001  2.0000000e+000  2.9993636e+000
  7.2872873e-001  2.0000000e+000  2.9993669e+000
  7.2972973e-001  2.0000000e+000  2.9993701e+000
  7.3073073e-001  2.0000000e+000  2.9993735e+000
  7.3173173e-001  2.0000000e+000  2.9993769e+000
  7.3273273e-001  2.0000000e+000  2.9993804e+000
  7.3373373e-001  2.0000000e+000  2.9993839e+000
  7.3473473e-001  2.0000000e+000  2.9993875e+000
  7.3573574e-001  2.0000000e+000  2.9993911e+000
  7.3673674e-001  2.0000000e+000  2.9993948e+000
  7.3773774e-001  2.0000000e+000  2.9993985e+000
  7.3873874e-001  2.0000000e+000  2.9994022e+000
  7.3973974e-001  2.0000000e+000  2.9994061e+000
  7.4074074e-001  2.0000000e+000  2.9994099e+000
  7.4174174e-001  2.0000000e+000  2.9994138e+000
  7.4274274e-001  2.0000000e+000  2.9994177e+000
  7.4374374e-001  2.0000000e+000  2.9994217e+000
  7.4474474e-001  2.0000000e+000  2.9994257e+000
  7.4574575e-001  2.0000000e+000  2.9994297e+000
  7.4674675e-001  2.0000000e+000  2.9994338e+000
  7.4774775e-001  2.0000000e+000  2.9994379e+000
  7.4874875e-001  2.0000000e+000  2.9994420e+000
  7.4974975e-001  2.0000000e+000  2.9994462e+000
  7.5075075e-001  2.0000000e+000  2.9994504e+000
  7.5175175e-001  2.0000000e+000  2.9994546e+000
  7.5275275e-001  2.0000000e+000  2.9994588e+000
  7.5375375e-001  2.0000000e+000  2.9994630e+000
  7.5475475e-001  2.0000000e+000  2.9994673e+000
  7.5575576e-001  2.0000000e+000  2.9994716e+000
  7.5675676e-001  2.0000000e+000  2.9994758e+000
  7.5775776e-001  2.0000000e+000  2.9994802e+000
  7.5875876e-001  2.0000000e+000  2.9994845e+000
  7.5975976e-001  2.0000000e+000  2.9994888e+000
  7.6076076e-001  2.0000000e+000  2.9994932e+000
  7.6176176e-001  2.0000000e+000  2.9994975e+000
  7.6276276e-001  2.0000000e+000  2.9995019e+000
  7.6376376e-001  2.0000000e+000  2.9995063e+000
  7.6476476e-001  2.0000000e+000  2.9995106e+000
  7.6576577e-001  2.0000000e+000  2.9995150e+000
  7.6676677e-001  2.0000000e+000  2.9995194e+000
  7.6776777e-001  2.0000000e+000  2.9995238e+000
  7.6876877e-001  2.0000000e+000  2.9995282e+000
  7.6976977e-001  2.0000000e+000  2.9995326e+000
  7.7077077e-001  2.0000000e+000  2.9995370e+000
  7.7177177e-001  2.0000000e+000  2.9995414e+000
  7.7277277e-001  2.0000000e+000  2.9995457e+000
  7.7377377e-001  2.0000000e+000  2.9995501e+000
  7.7477477e-001  2.0000000e+000  2.9995545e+000
  7.7577578e-001  2.0000000e+000  2.9995589e+000
  7.7677678e-001  2.0000000e+000  2.9995633e+000
  7.7777778e-001  2.0000000e+000  2.9995676e+000
  7.7877878e-001  2.0000000e+000  2.9995720e+000
  7.7977978e-001  2.0000000e+000  2.9995763e+000
  7.8078078e-001  2.0000000e+000  2.9995807e+000
  7.8178178e-001  2.0000000e+000  2.9995850e+000
  7.8278278e-001  2.0000000e+000  2.9995893e+000
  7.8378378e-001  2.0000000e+000  2.9995936e+000
  7.8478478e-001  2.0000000e+000  2.9995979e+000
  7.8578579e-001  2.0000000e+000  2.9996022e+000
  7.8678679e-001  2.0000000e+000  2.9996065e+000
  7.8778779e-001  2.0000000e+000  2.9996107e+000
  7.8878879e-001  2.0000000e+000  2.9996150e+000
  7.8978979e-001  2.0000000e+000  2.9996192e+000
  7.9079079e-001  2.0000000e+000  2.9996234e+000
  7.9179179e-001  2.0000000e+000  2.9996276e+000
  7.9279279e-001  2.0000000e+000  2.9996318e+000
  7.9379379e-001  2.0000000e+000  2.9996360e+000
  7.9479479e-001  2.0000000e+000  2.9996401e+000
  7.9579580e-001  2.0000000e+000  2.9996442e+000
  7.9679680e-001  2.0000000e+000  2.9996484e+000
  7.9779780e-001  2.0000000e+000  2.9996524e+000
  7.9879880e-001  2.0000000e+000  2.9996565e+000
  7.9979980e-001  2.0000000e+000  2.9996606e+000
  8.0080080e-001  2.0000000e+000  2.9996646e+000
  8.0180180e-001  2.0000000e+000  2.9996686e+000
  8.0280280e-001  2.0000000e+000  2.9996726e+000
  8.0380380e-001  2.0000000e+000  2.9996766e+000
  8.0480480e-001  2.0000000e+000  2.9996805e+000
  8.0580581e-001  2.0000000e+000  2.9996844e+000
  8.0680681e-001  2.0000000e+000  2.9996883e+000
  8.0780781e-001  2.0000000e+000  2.9996922e+000
  8.0880881e-001  2.0000000e+000  2.9996960e+000
  8.0980981e-001  2.0000000e+000  2.9996999e+000
  8.1081081e-001  2.0000000e+000  2.9997037e+000
  8.1181181e-001  2.0000000e+000  2.9997075e+000
  8.1281281e-001  2.0000000e+000  2.9997112e+000
  8.1381381e-001  2.0000000e+000  2.9997149e+000
  8.1481481e-001  2.0000000e+000  2.9997186e+000
  8.1581582e-001  2.0000000e+000  2.9997223e+000
  8.1681682e-001  2.0000000e+000  2.9997260e+000
  8.1781782e-001  2.0000000e+000  2.9997296e+000
  8.1881882e-001  2.0000000e+000  2.9997332e+000
  8.1981982e-001  2.0000000e+000  2.9997368e+000
  8.2082082e-001  2.0000000e+000  2.9997403e+000
  8.2182182e-001  2.0000000e+000  2.9997439e+000
  8.2282282e-001  2.0000000e+000  2.9997474e+000
  8.2382382e-001  2.0000000e+000  2.9997508e+000
  8.2482482e-001  2.0000000e+000  2.9997543e+000
  8.2582583e-001  2.0000000e+000  2.9997577e+000
  8.2682683e-001  2.0000000e+000  2.9997611e+000
  8.2782783e-001  2.0000000e+000  2.9997644e+000
  8.2882883e-001  2.0000000e+000  2.9997678e+000
  8.2982983e-001  2.0000000e+000  2.9997711e+000
  8.3083083e-001  2.0000000e+000  2.9997744e+000
  8.3183183e-001  2.0000000e+000  2.9997776e+000
  8.3283283e-001  2.0000000e+000  2.9997808e+000
  8.3383383e-001  2.0000000e+000  2.9997840e+000
  8.3483483e-001  2.0000000e+000  2.9997872e+000
  8.3583584e-001  2.0000000e+000  2.9997904e+000
  8.3683684e-001  2.0000000e+000  2.9997935e+000
  8.3783784e-001  2.0000000e+000  2.9997966e+000
  8.3883884e-001  2.0000000e+000  2.9997996e+000
  8.3983984e-001  2.0000000e+000  2.9998026e+000
  8.4084084e-001  2.0000000e+000  2.9998056e+000
  8.4184184e-001  2.0000000e+000  2.9998086e+000
  8.4284284e-001  2.0000000e+000  2.9998116e+000
  8.4384384e-001  2.0000000e+000  2.9998145e+000
  8.4484484e-001  2.0000000e+000  2.9998174e+000
  8.4584585e-001  2.0000000e+000  2.9998202e+000
  8.4684685e-001  2.0000000e+000  2.9998231e+000
  8.4784785e-001  2.0000000e+000  2.9998259e+000
  8.4884885e-001  2.0000000e+000  2.9998287e+000
  8.4984985e-001  2.0000000e+000  2.9998314e+000
  8.5085085e-001  2.0000000e+000  2.9998341e+000
  8.5185185e-001  2.0000000e+000  2.9998368e+000
  8.5285285e-001  2.0000000e+000  2.9998395e+000
  8.5385385e-001  2.0000000e+000  2.9998421e+000
  8.5485485e-001  2.0000000e+000  2.9998447e+000
  8.5585586e-001  2.0000000e+000  2.9998473e+000
  8.5685686e-001  2.0000000e+000  2.9998499e+000
  8.5785786e-001  2.0000000e+000  2.9998524e+000
  8.5885886e-001  2.0000000e+000  2.9998549e+000
  8.5985986e-001  2.0000000e+000  2.9998574e+000
  8.6086086e-001  2.0000000e+000  2.9998598e+000
  8.6186186e-001  2.0000000e+000  2.9998623e+000
  8.6286286e-001  2.0000000e+000  2.9998647e+000
  8.6386386e-001  2.0000000e+000  2.9998670e+000
  8.6486486e-001  2.0000000e+000  2.9998694e+000
  8.6586587e-001  2.0000000e+000  2.9998717e+000
  8.6686687e-001  2.0000000e+000  2.9998740e+000
  8.6786787e-001  2.0000000e+000  2.9998762e+000
  8.6886887e-001  2.0000000e+000  2.9998785e+000
  8.6986987e-001  2.0000000e+000  2.9998807e+000
  8.7087087e-001  2.0000000e+000  2.9998829e+000
  8.7187187e-001  2.0000000e+000  2.9998850e+000
  8.7287287e-001  2.0000000e+000  2.9998872e+000
  8.7387387e-001  2.0000000e+000  2.9998893e+000
  8.7487487e-001  2.0000000e+000  2.9998914e+000
  8.7587588e-001  2.0000000e+000  2.9998934e+000
  8.7687688e-001  2.0000000e+000  2.9998954e+000
  8.7787788e-001  2.0000000e+000  2.9998975e+000
  8.7887888e-001  2.0000000e+000  2.9998994e+000
  8.7987988e-001  2.0000000e+000  2.9999014e+000
  8.8088088e-001  2.0000000e+000  2.9999033e+000
  8.8188188e-001  2.0000000e+000  2.9999052e+000
  8.8288288e-001  2.0000000e+000  2.9999071e+000
  8.8388388e-001  2.0000000e+000  2.9999090e+000
  8.8488488e-001  2.0000000e+000  2.9999108e+000
  8.8588589e-001  2.0000000e+000  2.9999126e+000
  8.8688689e-001  2.0000000e+000  2.9999144e+000
  8.8788789e-001  2.0000000e+000  2.9999162e+000
  8.8888889e-001  2.0000000e+000  2.9999179e+000
  8.8988989e-001  2.0000000e+000  2.9999197e+000
  8.9089089e-001  2.0000000e+000  2.9999213e+000
  8.9189189e-001  2.0000000e+000  2.9999230e+000
  8.9289289e-001  2.0000000e+000  2.9999247e+000
  8.9389389e-001  2.0000000e+000  2.9999263e+000
  8.9489489e-001  2.0000000e+000  2.9999279e+000
  8.9589590e-001  2.0000000e+000  2.9999295e+000
  8.9689690e-001  2.0000000e+000  2.9999311e+000
  8.9789790e-001  2.0000000e+000  2.9999326e+000
  8.9889890e-001  2.0000000e+000  2.9999341e+000
  8.9989990e-001  2.0000000e+000  2.9999356e+000
  9.0090090e-001  2.0000000e+000  2.9999371e+000
  9.0190190e-001  2.0000000e+000  2.9999385e+000
  9.0290290e-001  2.0000000e+000  2.9999400e+000
  9.0390390e-001  2.0000000e+000  2.9999414e+000
  9.0490490e-001  2.0000000e+000  2.9999428e+000
  9.0590591e-001  2.0000000e+000  2.9999442e+000
  9.0690691e-001  2.0000000e+000  2.9999455e+000
  9.0790791e-001  2.0000000e+000  2.9999469e+000
  9.0890891e-001  2.0000000e+000  2.9999482e+000
  9.0990991e-001  2.0000000e+000  2.9999495e+000
  9.1091091e-001  2.0000000e+000  2.9999507e+000
  9.1191191e-001  2.0000000e+000  2.9999520e+000
  9.1291291e-001  2.0000000e+000  2.9999532e+000
  9.1391391e-001  2.0000000e+000  2.9999544e+000
  9.1491491e-001  2.0000000e+000  2.9999556e+000
  9.1591592e-001  2.0000000e+000  2.9999568e+000
  9.1691692e-001  2.0000000e+000  2.9999580e+000
  9.1791792e-001  2.0000000e+000  2.9999591e+000
  9.1891892e-001  2.0000000e+000  2.9999602e+000
  9.1991992e-001  2.0000000e+000  2.9999614e+000
  9.2092092e-001  2.0000000e+000  2.9999624e+000
  9.2192192e-001  2.0000000e+000  2.9999635e+000
  9.2292292e-001  2.0000000e+000  2.9999646e+000
  9.2392392e-001  2.0000000e+000  2.9999656e+000
  9.2492492e-001  2.0000000e+000  2.9999666e+000
  9.2592593e-001  2.0000000e+000  2.9999676e+000
  9.2692693e-001  2.0000000e+000  2.9999686e+000
  9.2792793e-001  2.0000000e+000  2.9999696e+000
  9.2892893e-001  2.0000000e+000  2.9999705e+000
  9.2992993e-001  2.0000000e+000  2.9999715e+000
  9.3093093e-001  2.0000000e+000  2.9999724e+000
  9.3193193e-001  2.0000000e+000  2.9999733e+000
  9.3293293e-001  2.0000000e+000  2.9999742e+000
  9.3393393e-001  2.0000000e+000  2.9999751e+000
  9.3493493e-001  2.0000000e+000  2.9999759e+000
  9.3593594e-001  2.0000000e+000  2.9999768e+000
  9.3693694e-001  2.0000000e+000  2.9999776e+000
  9.3793794e-001  2.0000000e+000  2.9999784e+000
  9.3893894e-001  2.0000000e+000  2.9999792e+000
  9.3993994e-001  2.0000000e+000  2.9999800e+000
  9.4094094e-001  2.0000000e+000  2.9999808e+000
  9.4194194e-001  2.0000000e+000  2.9999816e+000
  9.4294294e-001  2.0000000e+000  2.9999823e+000
  9.4394394e-001  2.0000000e+000  2.9999830e+000
  9.4494494e-001  2.0000000e+000  2.9999837e+000
  9.4594595e-001  2.0000000e+000  2.9999845e+000
  9.4694695e-001  2.0000000e+000  2.9999851e+000
  9.4794795e-001  2.0000000e+000  2.9999858e+000
  9.4894895e-001  2.0000000e+000  2.9999865e+000
  9.4994995e-001  2.0000000e+000  2.9999871e+000
  9.5095095e-001  2.0000000e+000  2.9999878e+000
  9.5195195e-001  2.0000000e+000  2.9999884e+000
  9.5295295e-001  2.0000000e+000  2.9999890e+000
  9.5395395e-001  2.0000000e+000  2.9999896e+000
  9.5495495e-001  2.0000000e+000  2.9999902e+000
  9.5595596e-001  2.0000000e+000  2.9999908e+000
  9.5695696e-001  2.0000000e+000  2.9999914e+000
  9.5795796e-001  2.0000000e+000  2.9999919e+000
  9.5895896e-001  2.0000000e+000  2.9999925e+000
  9.5995996e-001  2.0000000e+000  2.9999930e+000
  9.6096096e-001  2.0000000e+000  2.9999935e+000
  9.6196196e-001  2.0000000e+000  2.9999940e+000
  9.6296296e-001  2.0000000e+000  2.9999945e+000
  9.6396396e-001  2.0000000e+000  2.9999950e+000
  9.6496496e-001  2.0000000e+000  2.9999955e+000
  9.6596597e-001  2.0000000e+000  2.9999960e+000
  9.6696697e-001  2.0000000e+000  2.9999964e+000
  9.6796797e-001  2.0000000e+000  2.9999969e+000
  9.6896897e-001  2.0000000e+000  2.9999973e+000
  9.6996997e-001  2.0000000e+000  2.9999977e+000
  9.7097097e-001  2.0000000e+000  2.9999981e+000
  9.7197197e-001  2.0000000e+000  2.9999986e+000
  9.7297297e-001  2.0000000e+000  2.9999990e+000
  9.7397397e-001  2.0000000e+000  2.9999993e+000
  9.7497497e-001  2.0000000e+000  2.9999997e+000
  9.7597598e-001  2.0000000e+000  3.0000001e+000
  9.7697698e-001  2.0000000e+000  3.0000005e+000
  9.7797798e-001  2.0000000e+000  3.0000008e+000
  9.7897898e-001  2.0000000e+000  3.0000012e+000
  9.7997998e-001  2.0000000e+000  3.0000015e+000
  9.8098098e-001  2.0000000e+000  3.0000018e+000
  9.8198198e-001  2.0000000e+000  3.0000022e+000
  9.8298298e-001  2.0000000e+000  3.0000025e+000
  9.8398398e-001  2.0000000e+000  3.0000028e+000
  9.8498498e-001  2.0000000e+000  3.0000031e+000
  9.8598599e-001  2.0000000e+000  3.0000034e+000
  9.8698699e-001  2.0000000e+000  3.0000036e+000
  9.8798799e-001  2.0000000e+000  3.0000039e+000
  9.8898899e-001  2.0000000e+000  3.0000042e+000
  9.8998999e-001  2.0000000e+000  3.0000044e+000
  9.9099099e-001  2.0000000e+000  3.0000047e+000
  9.9199199e-001  2.0000000e+000  3.0000049e+000
  9.9299299e-001  2.0000000e+000  3.0000052e+000
  9.9399399e-001  2.0000000e+000  3.0000054e+000
  9.9499499e-001  2.0000000e+000  3.0000056e+000
  9.9599600e-001  2.0000000e+000  3.0000059e+000
  9.9699700e-001  2.0000000e+000  3.0000061e+000
  9.9799800e-001  2.0000000e+000  3.0000063e+000
  9.9899900e-001  2.0000000e+000  3.0000065e+000
  1.0000000e+000  2.0000000e+000  3.0000067e+000
