  0.0000000e+000  5.0000000e-001  0.0000000e+000
  5.0050050e-004  5.0000000e-001  2.9939091e-004
  1.0010010e-003  5.0000000e-001  1.1926732e-003
  1.5015015e-003  5.0000000e-001  2.6723999e-003
  2.0020020e-003  5.0000000e-001  4.7309791e-003
  2.5025025e-003  5.0000000e-001  7.3606793e-003
  3.0030030e-003  5.0000000e-001  1.0553633e-002
  3.5035035e-003  5.0000000e-001  1.4301844e-002
  4.0040040e-003  5.0000000e-001  1.8597188e-002
  4.5045045e-003  5.0000000e-001  2.3431422e-002
  5.0050050e-003  5.0000000e-001  2.8796185e-002
  5.5055055e-003  5.0000000e-001  3.4683005e-002
  6.0060060e-003  5.0000000e-001  4.1083303e-002
  6.5065065e-003  5.0000000e-001  4.7988399e-002
  7.0070070e-003  5.0000000e-001  5.5389515e-002
  7.5075075e-003  5.0000000e-001  6.3277779e-002
  8.0080080e-003  5.0000000e-001  7.1644232e-002
  8.5085085e-003  5.0000000e-001  8.0479831e-002
  9.0090090e-003  5.0000000e-001  8.9775455e-002
  9.5095095e-003  5.0000000e-001  9.9521907e-002
  1.0010010e-002  5.0000000e-001  1.0970992e-001
  1.0510511e-002  5.0000000e-001  1.2033017e-001
  1.1011011e-002  5.0000000e-001  1.3137326e-001
  1.1511512e-002  5.0000000e-001  1.4282973e-001
  1.2012012e-002  5.0000000e-001  1.5469010e-001
  1.2512513e-002  5.0000000e-001  1.6694482e-001
  1.3013013e-002  5.0000000e-001  1.7958428e-001
  1.3513514e-002  5.0000000e-001  1.9259887e-001
  1.4014014e-002  5.0000000e-001  2.0597892e-001
  1.4514515e-002  5.0000000e-001  2.1971474e-001
  1.5015015e-002  5.0000000e-001  2.3379660e-001
  1.5515516e-002  5.0000000e-001  2.4821476e-001
  1.6016016e-002  5.0000000e-001  2.6295947e-001
  1.6516517e-002  5.0000000e-001  2.7802095e-001
  1.7017017e-002  5.0000000e-001  2.9338941e-001
  1.7517518e-002  5.0000000e-001  3.0905508e-001
  1.8018018e-002  5.0000000e-001  3.2500816e-001
  1.8518519e-002  5.0000000e-001  3.4123886e-001
  1.9019019e-002  5.0000000e-001  3.5773740e-001
  1.9519520e-002  5.0000000e-001  3.7449401e-001
  2.0020020e-002  5.0000000e-001  3.9149894e-001
  2.0520521e-002  5.0000000e-001  4.0874244e-001
  2.1021021e-002  5.0000000e-001  4.2621480e-001
  2.1521522e-002  5.0000000e-001  4.4390632e-001
  2.2022022e-002  5.0000000e-001  4.6180734e-001
  2.2522523e-002  5.0000000e-001  4.7990823e-001
  2.3023023e-002  5.0000000e-001  4.9819938e-001
  2.3523524e-002  5.0000000e-001  5.1667124e-001
  2.4024024e-002  5.0000000e-001  5.3531429e-001
  2.4524525e-002  5.0000000e-001  5.5411906e-001
  2.5025025e-002  5.0000000e-001  5.7307613e-001
  2.5525526e-002  5.0000000e-001  5.9217613e-001
  2.6026026e-002  5.0000000e-001  6.1140974e-001
  2.6526527e-002  5.0000000e-001  6.3076770e-001
  2.7027027e-002  5.0000000e-001  6.5024082e-001
  2.7527528e-002  5.0000000e-001  6.6981996e-001
  2.8028028e-002  5.0000000e-001  6.8949606e-001
  2.8528529e-002  5.0000000e-001  7.0926012e-001
  2.9029029e-002  5.0000000e-001  7.2910322e-001
  2.9529530e-002  5.0000000e-001  7.4901651e-001
  3.0030030e-002  5.0000000e-001  7.6899121e-001
  3.0530531e-002  5.0000000e-001  7.8901864e-001
  3.1031031e-002  5.0000000e-001  8.0909019e-001
  3.1531532e-002  5.0000000e-001  8.2919733e-001
  3.2032032e-002  5.0000000e-001  8.4933163e-001
  3.2532533e-002  5.0000000e-001  8.6948474e-001
  3.3033033e-002  5.0000000e-001  8.8964841e-001
  3.3533534e-002  5.0000000e-001  9.0981449e-001
  3.4034034e-002  5.0000000e-001  9.2997490e-001
  3.4534535e-002  5.0000000e-001  9.5012168e-001
  3.5035035e-002  5.0000000e-001  9.7024698e-001
  3.5535536e-002  5.0000000e-001  9.9034302e-001
  3.6036036e-002  5.0000000e-001  1.0104022e+000
  3.6536537e-002  5.0000000e-001  1.0304168e+000
  3.7037037e-002  5.0000000e-001  1.0503796e+000
  3.7537538e-002  5.0000000e-001  1.0702832e+000
  3.8038038e-002  5.0000000e-001  1.0901203e+000
  3.8538539e-002  5.0000000e-001  1.1098838e+000
  3.9039039e-002  5.0000000e-001  1.1295667e+000
  3.9539540e-002  5.0000000e-001  1.1491623e+000
  4.0040040e-002  5.0000000e-001  1.1686636e+000
  4.0540541e-002  5.0000000e-001  1.1880640e+000
  4.1041041e-002  5.0000000e-001  1.2073571e+000
  4.1541542e-002  5.0000000e-001  1.2265365e+000
  4.2042042e-002  5.0000000e-001  1.2455957e+000
  4.2542543e-002  5.0000000e-001  1.2645288e+000
  4.3043043e-002  5.0000000e-001  1.2833296e+000
  4.3543544e-002  5.0000000e-001  1.3019922e+000
  4.4044044e-002  5.0000000e-001  1.3205109e+000
  4.4544545e-002  5.0000000e-001  1.3388799e+000
  4.5045045e-002  5.0000000e-001  1.3570938e+000
  4.5545546e-002  5.0000000e-001  1.3751472e+000
  4.6046046e-002  5.0000000e-001  1.3930348e+000
  4.6546547e-002  5.0000000e-001  1.4107514e+000
  4.7047047e-002  5.0000000e-001  1.4282920e+000
  4.7547548e-002  5.0000000e-001  1.4456517e+000
  4.8048048e-002  5.0000000e-001  1.4628258e+000
  4.8548549e-002  5.0000000e-001  1.4798097e+000
  4.9049049e-002  5.0000000e-001  1.4965988e+000
  4.9549550e-002  5.0000000e-001  1.5131888e+000
  5.0050050e-002  5.0000000e-001  1.5295755e+000
  5.0550551e-002  5.0000000e-001  1.5457547e+000
  5.1051051e-002  5.0000000e-001  1.5617225e+000
  5.1551552e-002  5.0000000e-001  1.5774751e+000
  5.2052052e-002  5.0000000e-001  1.5930087e+000
  5.2552553e-002  5.0000000e-001  1.6083198e+000
  5.3053053e-002  5.0000000e-001  1.6234049e+000
  5.3553554e-002  5.0000000e-001  1.6382607e+000
  5.4054054e-002  5.0000000e-001  1.6528841e+000
  5.4554555e-002  5.0000000e-001  1.6672720e+000
  5.5055055e-002  5.0000000e-001  1.6814214e+000
  5.5555556e-002  5.0000000e-001  1.6953296e+000
  5.6056056e-002  5.0000000e-001  1.7089939e+000
  5.6556557e-002  5.0000000e-001  1.7224118e+000
  5.7057057e-002  5.0000000e-001  1.7355809e+000
  5.7557558e-002  5.0000000e-001  1.7484989e+000
  5.8058058e-002  5.0000000e-001  1.7611636e+000
  5.8558559e-002  5.0000000e-001  1.7735731e+000
  5.9059059e-002  5.0000000e-001  1.7857254e+000
  5.9559560e-002  5.0000000e-001  1.7976188e+000
  6.0060060e-002  5.0000000e-001  1.8092516e+000
  6.0560561e-002  5.0000000e-001  1.8206223e+000
  6.1061061e-002  5.0000000e-001  1.8317296e+000
  6.1561562e-002  5.0000000e-001  1.8425720e+000
  6.2062062e-002  5.0000000e-001  1.8531485e+000
  6.2562563e-002  5.0000000e-001  1.8634580e+000
  6.3063063e-002  5.0000000e-001  1.8734996e+000
  6.3563564e-002  5.0000000e-001  1.8832726e+000
  6.4064064e-002  5.0000000e-001  1.8927761e+000
  6.4564565e-002  5.0000000e-001  1.9020097e+000
  6.5065065e-002  5.0000000e-001  1.9109729e+000
  6.5565566e-002  5.0000000e-001  1.9196653e+000
  6.6066066e-002  5.0000000e-001  1.9280868e+000
  6.6566567e-002  5.0000000e-001  1.9362371e+000
  6.7067067e-002  5.0000000e-001  1.9441164e+000
  6.7567568e-002  5.0000000e-001  1.9517246e+000
  6.8068068e-002  5.0000000e-001  1.9590620e+000
  6.8568569e-002  5.0000000e-001  1.9661290e+000
  6.9069069e-002  5.0000000e-001  1.9729258e+000
  6.9569570e-002  5.0000000e-001  1.9794531e+000
  7.0070070e-002  5.0000000e-001  1.9857115e+000
  7.0570571e-002  5.0000000e-001  1.9917016e+000
  7.1071071e-002  5.0000000e-001  1.9974243e+000
  7.1571572e-002  5.0000000e-001  2.0028805e+000
  7.2072072e-002  5.0000000e-001  2.0080712e+000
  7.2572573e-002  5.0000000e-001  2.0129975e+000
  7.3073073e-002  5.0000000e-001  2.0176606e+000
  7.3573574e-002  5.0000000e-001  2.0220619e+000
  7.4074074e-002  5.0000000e-001  2.0262026e+000
  7.4574575e-002  5.0000000e-001  2.0300842e+000
  7.5075075e-002  5.0000000e-001  2.0337082e+000
  7.5575576e-002  5.0000000e-001  2.0370764e+000
  7.6076076e-002  5.0000000e-001  2.0401904e+000
  7.6576577e-002  5.0000000e-001  2.0430520e+000
  7.7077077e-002  5.0000000e-001  2.0456631e+000
  7.7577578e-002  5.0000000e-001  2.0480257e+000
  7.8078078e-002  5.0000000e-001  2.0501417e+000
  7.8578579e-002  5.0000000e-001  2.0520132e+000
  7.9079079e-002  5.0000000e-001  2.0536425e+000
  7.9579580e-002  5.0000000e-001  2.0550318e+000
  8.0080080e-002  5.0000000e-001  2.0561834e+000
  8.0580581e-002  5.0000000e-001  2.0570996e+000
  8.1081081e-002  5.0000000e-001  2.0577830e+000
  8.1581582e-002  5.0000000e-001  2.0582360e+000
  8.2082082e-002  5.0000000e-001  2.0584612e+000
  8.2582583e-002  5.0000000e-001  2.0584612e+000
  8.3083083e-002  5.0000000e-001  2.0582387e+000
  8.3583584e-002  5.0000000e-001  2.0577965e+000
  8.4084084e-002  5.0000000e-001  2.0571373e+000
  8.4584585e-002  5.0000000e-001  2.0562641e+000
  8.5085085e-002  5.0000000e-001  2.0551796e+000
  8.5585586e-002  5.0000000e-001  2.0538870e+000
  8.6086086e-002  5.0000000e-001  2.0523891e+000
  8.6586587e-002  5.0000000e-001  2.0506890e+000
  8.7087087e-002  5.0000000e-001  2.0487899e+000
  8.7587588e-002  5.0000000e-001  2.0466948e+000
  8.8088088e-002  5.0000000e-001  2.0444069e+000
  8.8588589e-002  5.0000000e-001  2.0419294e+000
  8.9089089e-002  5.0000000e-001  2.0392656e+000
  8.9589590e-002  5.0000000e-001  2.0364188e+000
  9.0090090e-002  5.0000000e-001  2.0333923e+000
  9.0590591e-002  5.0000000e-001  2.0301894e+000
  9.1091091e-002  5.0000000e-001  2.0268135e+000
  9.1591592e-002  5.0000000e-001  2.0232681e+000
  9.2092092e-002  5.0000000e-001  2.0195565e+000
  9.2592593e-002  5.0000000e-001  2.0156822e+000
  9.3093093e-002  5.0000000e-001  2.0116488e+000
  9.3593594e-002  5.0000000e-001  2.0074597e+000
  9.4094094e-002  5.0000000e-001  2.0031185e+000
  9.4594595e-002  5.0000000e-001  1.9986286e+000
  9.5095095e-002  5.0000000e-001  1.9939937e+000
  9.5595596e-002  5.0000000e-001  1.9892174e+000
  9.6096096e-002  5.0000000e-001  1.9843032e+000
  9.6596597e-002  5.0000000e-001  1.9792547e+000
  9.7097097e-002  5.0000000e-001  1.9740755e+000
  9.7597598e-002  5.0000000e-001  1.9687694e+000
  9.8098098e-002  5.0000000e-001  1.9633398e+000
  9.8598599e-002  5.0000000e-001  1.9577905e+000
  9.9099099e-002  5.0000000e-001  1.9521250e+000
  9.9599600e-002  5.0000000e-001  1.9463471e+000
  1.0010010e-001  5.0000000e-001  1.9404604e+000
  1.0060060e-001  5.0000000e-001  1.9344684e+000
  1.0110110e-001  5.0000000e-001  1.9283750e+000
  1.0160160e-001  5.0000000e-001  1.9221836e+000
  1.0210210e-001  5.0000000e-001  1.9158979e+000
  1.0260260e-001  5.0000000e-001  1.9095217e+000
  1.0310310e-001  5.0000000e-001  1.9030584e+000
  1.0360360e-001  5.0000000e-001  1.8965117e+000
  1.0410410e-001  5.0000000e-001  1.8898851e+000
  1.0460460e-001  5.0000000e-001  1.8831824e+000
  1.0510511e-001  5.0000000e-001  1.8764071e+000
  1.0560561e-001  5.0000000e-001  1.8695627e+000
  1.0610611e-001  5.0000000e-001  1.8626528e+000
  1.0660661e-001  5.0000000e-001  1.8556810e+000
  1.0710711e-001  5.0000000e-001  1.8486506e+000
  1.0760761e-001  5.0000000e-001  1.8415654e+000
  1.0810811e-001  5.0000000e-001  1.8344286e+000
  1.0860861e-001  5.0000000e-001  1.8272438e+000
  1.0910911e-001  5.0000000e-001  1.8200145e+000
  1.0960961e-001  5.0000000e-001  1.8127439e+000
  1.1011011e-001  5.0000000e-001  1.8054356e+000
  1.1061061e-001  5.0000000e-001  1.7980929e+000
  1.1111111e-001  5.0000000e-001  1.7907191e+000
  1.1161161e-001  5.0000000e-001  1.7833175e+000
  1.1211211e-001  5.0000000e-001  1.7758914e+000
  1.1261261e-001  5.0000000e-001  1.7684441e+000
  1.1311311e-001  5.0000000e-001  1.7609787e+000
  1.1361361e-001  5.0000000e-001  1.7534985e+000
  1.1411411e-001  5.0000000e-001  1.7460067e+000
  1.1461461e-001  5.0000000e-001  1.7385062e+000
  1.1511512e-001  5.0000000e-001  1.7310004e+000
  1.1561562e-001  5.0000000e-001  1.7234921e+000
  1.1611612e-001  5.0000000e-001  1.7159844e+000
  1.1661662e-001  5.0000000e-001  1.7084803e+000
  1.1711712e-001  5.0000000e-001  1.7009828e+000
  1.1761762e-001  5.0000000e-001  1.6934947e+000
  1.1811812e-001  5.0000000e-001  1.6860189e+000
  1.1861862e-001  5.0000000e-001  1.6785583e+000
  1.1911912e-001  5.0000000e-001  1.6711157e+000
  1.1961962e-001  5.0000000e-001  1.6636937e+000
  1.2012012e-001  5.0000000e-001  1.6562952e+000
  1.2062062e-001  5.0000000e-001  1.6489227e+000
  1.2112112e-001  5.0000000e-001  1.6415789e+000
  1.2162162e-001  5.0000000e-001  1.6342664e+000
  1.2212212e-001  5.0000000e-001  1.6269877e+000
  1.2262262e-001  5.0000000e-001  1.6197453e+000
  1.2312312e-001  5.0000000e-001  1.6125417e+000
  1.2362362e-001  5.0000000e-001  1.6053793e+000
  1.2412412e-001  5.0000000e-001  1.5982604e+000
  1.2462462e-001  5.0000000e-001  1.5911874e+000
  1.2512513e-001  5.0000000e-001  1.5841625e+000
  1.2562563e-001  5.0000000e-001  1.5771880e+000
  1.2612613e-001  5.0000000e-001  1.5702659e+000
  1.2662663e-001  5.0000000e-001  1.5633986e+000
  1.2712713e-001  5.0000000e-001  1.5565879e+000
  1.2762763e-001  5.0000000e-001  1.5498361e+000
  1.2812813e-001  5.0000000e-001  1.5431450e+000
  1.2862863e-001  5.0000000e-001  1.5365166e+000
  1.2912913e-001  5.0000000e-001  1.5299528e+000
  1.2962963e-001  5.0000000e-001  1.5234555e+000
  1.3013013e-001  5.0000000e-001  1.5170264e+000
  1.3063063e-001  5.0000000e-001  1.5106672e+000
  1.3113113e-001  5.0000000e-001  1.5043798e+000
  1.3163163e-001  5.0000000e-001  1.4981656e+000
  1.3213213e-001  5.0000000e-001  1.4920265e+000
  1.3263263e-001  5.0000000e-001  1.4859637e+000
  1.3313313e-001  5.0000000e-001  1.4799790e+000
  1.3363363e-001  5.0000000e-001  1.4740737e+000
  1.3413413e-001  5.0000000e-001  1.4682492e+000
  1.3463463e-001  5.0000000e-001  1.4625070e+000
  1.3513514e-001  5.0000000e-001  1.4568482e+000
  1.3563564e-001  5.0000000e-001  1.4512742e+000
  1.3613614e-001  5.0000000e-001  1.4457862e+000
  1.3663664e-001  5.0000000e-001  1.4403852e+000
  1.3713714e-001  5.0000000e-001  1.4350726e+000
  1.3763764e-001  5.0000000e-001  1.4298492e+000
  1.3813814e-001  5.0000000e-001  1.4247161e+000
  1.3863864e-001  5.0000000e-001  1.4196743e+000
  1.3913914e-001  5.0000000e-001  1.4147248e+000
  1.3963964e-001  5.0000000e-001  1.4098683e+000
  1.4014014e-001  5.0000000e-001  1.4051056e+000
  1.4064064e-001  5.0000000e-001  1.4004377e+000
  1.4114114e-001  5.0000000e-001  1.3958652e+000
  1.4164164e-001  5.0000000e-001  1.3913887e+000
  1.4214214e-001  5.0000000e-001  1.3870090e+000
  1.4264264e-001  5.0000000e-001  1.3827265e+000
  1.4314314e-001  5.0000000e-001  1.3785420e+000
  1.4364364e-001  5.0000000e-001  1.3744557e+000
  1.4414414e-001  5.0000000e-001  1.3704683e+000
  1.4464464e-001  5.0000000e-001  1.3665801e+000
  1.4514515e-001  5.0000000e-001  1.3627915e+000
  1.4564565e-001  5.0000000e-001  1.3591028e+000
  1.4614615e-001  5.0000000e-001  1.3555142e+000
  1.4664665e-001  5.0000000e-001  1.3520261e+000
  1.4714715e-001  5.0000000e-001  1.3486385e+000
  1.4764765e-001  5.0000000e-001  1.3453517e+000
  1.4814815e-001  5.0000000e-001  1.3421658e+000
  1.4864865e-001  5.0000000e-001  1.3390808e+000
  1.4914915e-001  5.0000000e-001  1.3360967e+000
  1.4964965e-001  5.0000000e-001  1.3332136e+000
  1.5015015e-001  5.0000000e-001  1.3304313e+000
  1.5065065e-001  5.0000000e-001  1.3277498e+000
  1.5115115e-001  5.0000000e-001  1.3251689e+000
  1.5165165e-001  5.0000000e-001  1.3226886e+000
  1.5215215e-001  5.0000000e-001  1.3203084e+000
  1.5265265e-001  5.0000000e-001  1.3180283e+000
  1.5315315e-001  5.0000000e-001  1.3158479e+000
  1.5365365e-001  5.0000000e-001  1.3137669e+000
  1.5415415e-001  5.0000000e-001  1.3117849e+000
  1.5465465e-001  5.0000000e-001  1.3099016e+000
  1.5515516e-001  5.0000000e-001  1.3081165e+000
  1.5565566e-001  5.0000000e-001  1.3064292e+000
  1.5615616e-001  5.0000000e-001  1.3048391e+000
  1.5665666e-001  5.0000000e-001  1.3033457e+000
  1.5715716e-001  5.0000000e-001  1.3019486e+000
  1.5765766e-001  5.0000000e-001  1.3006470e+000
  1.5815816e-001  5.0000000e-001  1.2994404e+000
  1.5865866e-001  5.0000000e-001  1.2983281e+000
  1.5915916e-001  5.0000000e-001  1.2973094e+000
  1.5965966e-001  5.0000000e-001  1.2963836e+000
  1.6016016e-001  5.0000000e-001  1.2955500e+000
  1.6066066e-001  5.0000000e-001  1.2948078e+000
  1.6116116e-001  5.0000000e-001  1.2941562e+000
  1.6166166e-001  5.0000000e-001  1.2935944e+000
  1.6216216e-001  5.0000000e-001  1.2931216e+000
  1.6266266e-001  5.0000000e-001  1.2927368e+000
  1.6316316e-001  5.0000000e-001  1.2924391e+000
  1.6366366e-001  5.0000000e-001  1.2922278e+000
  1.6416416e-001  5.0000000e-001  1.2921017e+000
  1.6466466e-001  5.0000000e-001  1.2920599e+000
  1.6516517e-001  5.0000000e-001  1.2921015e+000
  1.6566567e-001  5.0000000e-001  1.2922254e+000
  1.6616617e-001  5.0000000e-001  1.2924306e+000
  1.6666667e-001  5.0000000e-001  1.2927161e+000
  1.6716717e-001  5.0000000e-001  1.2930807e+000
  1.6766767e-001  5.0000000e-001  1.2935234e+000
  1.6816817e-001  5.0000000e-001  1.2940430e+000
  1.6866867e-001  5.0000000e-001  1.2946386e+000
  1.6916917e-001  5.0000000e-001  1.2953088e+000
  1.6966967e-001  5.0000000e-001  1.2960526e+000
  1.7017017e-001  5.0000000e-001  1.2968687e+000
  1.7067067e-001  5.0000000e-001  1.2977560e+000
  1.7117117e-001  5.0000000e-001  1.2987133e+000
  1.7167167e-001  5.0000000e-001  1.2997394e+000
  1.7217217e-001  5.0000000e-001  1.3008330e+000
  1.7267267e-001  5.0000000e-001  1.3019928e+000
  1.7317317e-001  5.0000000e-001  1.3032177e+000
  1.7367367e-001  5.0000000e-001  1.3045064e+000
  1.7417417e-001  5.0000000e-001  1.3058576e+000
  1.7467467e-001  5.0000000e-001  1.3072700e+000
  1.7517518e-001  5.0000000e-001  1.3087423e+000
  1.7567568e-001  5.0000000e-001  1.3102732e+000
  1.7617618e-001  5.0000000e-001  1.3118614e+000
  1.7667668e-001  5.0000000e-001  1.3135057e+000
  1.7717718e-001  5.0000000e-001  1.3152045e+000
  1.7767768e-001  5.0000000e-001  1.3169568e+000
  1.7817818e-001  5.0000000e-001  1.3187610e+000
  1.7867868e-001  5.0000000e-001  1.3206158e+000
  1.7917918e-001  5.0000000e-001  1.3225200e+000
  1.7967968e-001  5.0000000e-001  1.3244722e+000
  1.8018018e-001  5.0000000e-001  1.3264710e+000
  1.8068068e-001  5.0000000e-001  1.3285150e+000
  1.8118118e-001  5.0000000e-001  1.3306030e+000
  1.8168168e-001  5.0000000e-001  1.3327335e+000
  1.8218218e-001  5.0000000e-001  1.3349052e+000
  1.8268268e-001  5.0000000e-001  1.3371168e+000
  1.8318318e-001  5.0000000e-001  1.3393669e+000
  1.8368368e-001  5.0000000e-001  1.3416540e+000
  1.8418418e-001  5.0000000e-001  1.3439770e+000
  1.8468468e-001  5.0000000e-001  1.3463343e+000
  1.8518519e-001  5.0000000e-001  1.3487248e+000
  1.8568569e-001  5.0000000e-001  1.3511469e+000
  1.8618619e-001  5.0000000e-001  1.3535995e+000
  1.8668669e-001  5.0000000e-001  1.3560811e+000
  1.8718719e-001  5.0000000e-001  1.3585904e+000
  1.8768769e-001  5.0000000e-001  1.3611260e+000
  1.8818819e-001  5.0000000e-001  1.3636868e+000
  1.8868869e-001  5.0000000e-001  1.3662712e+000
  1.8918919e-001  5.0000000e-001  1.3688781e+000
  1.8968969e-001  5.0000000e-001  1.3715060e+000
  1.9019019e-001  5.0000000e-001  1.3741538e+000
  1.9069069e-001  5.0000000e-001  1.3768201e+000
  1.9119119e-001  5.0000000e-001  1.3795037e+000
  1.9169169e-001  5.0000000e-001  1.3822032e+000
  1.9219219e-001  5.0000000e-001  1.3849174e+000
  1.9269269e-001  5.0000000e-001  1.3876450e+000
  1.9319319e-001  5.0000000e-001  1.3903849e+000
  1.9369369e-001  5.0000000e-001  1.3931357e+000
  1.9419419e-001  5.0000000e-001  1.3958962e+000
  1.9469469e-001  5.0000000e-001  1.3986652e+000
  1.9519520e-001  5.0000000e-001  1.4014416e+000
  1.9569570e-001  5.0000000e-001  1.4042240e+000
  1.9619620e-001  5.0000000e-001  1.4070114e+000
  1.9669670e-001  5.0000000e-001  1.4098026e+000
  1.9719720e-001  5.0000000e-001  1.4125963e+000
  1.9769770e-001  5.0000000e-001  1.4153916e+000
  1.9819820e-001  5.0000000e-001  1.4181871e+000
  1.9869870e-001  5.0000000e-001  1.4209819e+000
  1.9919920e-001  5.0000000e-001  1.4237748e+000
  1.9969970e-001  5.0000000e-001  1.4265647e+000
  2.0020020e-001  5.0000000e-001  1.4293505e+000
  2.0070070e-001  5.0000000e-001  1.4321312e+000
  2.0120120e-001  5.0000000e-001  1.4349058e+000
  2.0170170e-001  5.0000000e-001  1.4376732e+000
  2.0220220e-001  5.0000000e-001  1.4404323e+000
  2.0270270e-001  5.0000000e-001  1.4431823e+000
  2.0320320e-001  5.0000000e-001  1.4459220e+000
  2.0370370e-001  5.0000000e-001  1.4486506e+000
  2.0420420e-001  5.0000000e-001  1.4513670e+000
  2.0470470e-001  5.0000000e-001  1.4540704e+000
  2.0520521e-001  5.0000000e-001  1.4567598e+000
  2.0570571e-001  5.0000000e-001  1.4594344e+000
  2.0620621e-001  5.0000000e-001  1.4620931e+000
  2.0670671e-001  5.0000000e-001  1.4647352e+000
  2.0720721e-001  5.0000000e-001  1.4673598e+000
  2.0770771e-001  5.0000000e-001  1.4699661e+000
  2.0820821e-001  5.0000000e-001  1.4725532e+000
  2.0870871e-001  5.0000000e-001  1.4751204e+000
  2.0920921e-001  5.0000000e-001  1.4776668e+000
  2.0970971e-001  5.0000000e-001  1.4801917e+000
  2.1021021e-001  5.0000000e-001  1.4826944e+000
  2.1071071e-001  5.0000000e-001  1.4851741e+000
  2.1121121e-001  5.0000000e-001  1.4876300e+000
  2.1171171e-001  5.0000000e-001  1.4900616e+000
  2.1221221e-001  5.0000000e-001  1.4924681e+000
  2.1271271e-001  5.0000000e-001  1.4948489e+000
  2.1321321e-001  5.0000000e-001  1.4972033e+000
  2.1371371e-001  5.0000000e-001  1.4995307e+000
  2.1421421e-001  5.0000000e-001  1.5018305e+000
  2.1471471e-001  5.0000000e-001  1.5041021e+000
  2.1521522e-001  5.0000000e-001  1.5063449e+000
  2.1571572e-001  5.0000000e-001  1.5085584e+000
  2.1621622e-001  5.0000000e-001  1.5107421e+000
  2.1671672e-001  5.0000000e-001  1.5128955e+000
  2.1721722e-001  5.0000000e-001  1.5150180e+000
  2.1771772e-001  5.0000000e-001  1.5171092e+000
  2.1821822e-001  5.0000000e-001  1.5191685e+000
  2.1871872e-001  5.0000000e-001  1.5211957e+000
  2.1921922e-001  5.0000000e-001  1.5231902e+000
  2.1971972e-001  5.0000000e-001  1.5251517e+000
  2.2022022e-001  5.0000000e-001  1.5270797e+000
  2.2072072e-001  5.0000000e-001  1.5289739e+000
  2.2122122e-001  5.0000000e-001  1.5308339e+000
  2.2172172e-001  5.0000000e-001  1.5326595e+000
  2.2222222e-001  5.0000000e-001  1.5344502e+000
  2.2272272e-001  5.0000000e-001  1.5362059e+000
  2.2322322e-001  5.0000000e-001  1.5379261e+000
  2.2372372e-001  5.0000000e-001  1.5396107e+000
  2.2422422e-001  5.0000000e-001  1.5412594e+000
  2.2472472e-001  5.0000000e-001  1.5428720e+000
  2.2522523e-001  5.0000000e-001  1.5444483e+000
  2.2572573e-001  5.0000000e-001  1.5459880e+000
  2.2622623e-001  5.0000000e-001  1.5474910e+000
  2.2672673e-001  5.0000000e-001  1.5489572e+000
  2.2722723e-001  5.0000000e-001  1.5503863e+000
  2.2772773e-001  5.0000000e-001  1.5517783e+000
  2.2822823e-001  5.0000000e-001  1.5531331e+000
  2.2872873e-001  5.0000000e-001  1.5544505e+000
  2.2922923e-001  5.0000000e-001  1.5557305e+000
  2.2972973e-001  5.0000000e-001  1.5569730e+000
  2.3023023e-001  5.0000000e-001  1.5581779e+000
  2.3073073e-001  5.0000000e-001  1.5593453e+000
  2.3123123e-001  5.0000000e-001  1.5604752e+000
  2.3173173e-001  5.0000000e-001  1.5615674e+000
  2.3223223e-001  5.0000000e-001  1.5626221e+000
  2.3273273e-001  5.0000000e-001  1.5636392e+000
  2.3323323e-001  5.0000000e-001  1.5646188e+000
  2.3373373e-001  5.0000000e-001  1.5655610e+000
  2.3423423e-001  5.0000000e-001  1.5664658e+000
  2.3473473e-001  5.0000000e-001  1.5673334e+000
  2.3523524e-001  5.0000000e-001  1.5681637e+000
  2.3573574e-001  5.0000000e-001  1.5689570e+000
  2.3623624e-001  5.0000000e-001  1.5697134e+000
  2.3673674e-001  5.0000000e-001  1.5704329e+000
  2.3723724e-001  5.0000000e-001  1.5711158e+000
  2.3773774e-001  5.0000000e-001  1.5717622e+000
  2.3823824e-001  5.0000000e-001  1.5723723e+000
  2.3873874e-001  5.0000000e-001  1.5729463e+000
  2.3923924e-001  5.0000000e-001  1.5734843e+000
  2.3973974e-001  5.0000000e-001  1.5739867e+000
  2.4024024e-001  5.0000000e-001  1.5744536e+000
  2.4074074e-001  5.0000000e-001  1.5748852e+000
  2.4124124e-001  5.0000000e-001  1.5752819e+000
  2.4174174e-001  5.0000000e-001  1.5756438e+000
  2.4224224e-001  5.0000000e-001  1.5759713e+000
  2.4274274e-001  5.0000000e-001  1.5762646e+000
  2.4324324e-001  5.0000000e-001  1.5765240e+000
  2.4374374e-001  5.0000000e-001  1.5767499e+000
  2.4424424e-001  5.0000000e-001  1.5769424e+000
  2.4474474e-001  5.0000000e-001  1.5771020e+000
  2.4524525e-001  5.0000000e-001  1.5772290e+000
  2.4574575e-001  5.0000000e-001  1.5773237e+000
  2.4624625e-001  5.0000000e-001  1.5773865e+000
  2.4674675e-001  5.0000000e-001  1.5774177e+000
  2.4724725e-001  5.0000000e-001  1.5774176e+000
  2.4774775e-001  5.0000000e-001  1.5773868e+000
  2.4824825e-001  5.0000000e-001  1.5773254e+000
  2.4874875e-001  5.0000000e-001  1.5772340e+000
  2.4924925e-001  5.0000000e-001  1.5771129e+000
  2.4974975e-001  5.0000000e-001  1.5769626e+000
  2.5025025e-001  5.0000000e-001  1.5767834e+000
  2.5075075e-001  5.0000000e-001  1.5765757e+000
  2.5125125e-001  5.0000000e-001  1.5763400e+000
  2.5175175e-001  5.0000000e-001  1.5760767e+000
  2.5225225e-001  5.0000000e-001  1.5757862e+000
  2.5275275e-001  5.0000000e-001  1.5754690e+000
  2.5325325e-001  5.0000000e-001  1.5751256e+000
  2.5375375e-001  5.0000000e-001  1.5747563e+000
  2.5425425e-001  5.0000000e-001  1.5743616e+000
  2.5475475e-001  5.0000000e-001  1.5739420e+000
  2.5525526e-001  5.0000000e-001  1.5734980e+000
  2.5575576e-001  5.0000000e-001  1.5730300e+000
  2.5625626e-001  5.0000000e-001  1.5725385e+000
  2.5675676e-001  5.0000000e-001  1.5720239e+000
  2.5725726e-001  5.0000000e-001  1.5714868e+000
  2.5775776e-001  5.0000000e-001  1.5709277e+000
  2.5825826e-001  5.0000000e-001  1.5703469e+000
  2.5875876e-001  5.0000000e-001  1.5697451e+000
  2.5925926e-001  5.0000000e-001  1.5691227e+000
  2.5975976e-001  5.0000000e-001  1.5684801e+000
  2.6026026e-001  5.0000000e-001  1.5678180e+000
  2.6076076e-001  5.0000000e-001  1.5671367e+000
  2.6126126e-001  5.0000000e-001  1.5664368e+000
  2.6176176e-001  5.0000000e-001  1.5657189e+000
  2.6226226e-001  5.0000000e-001  1.5649833e+000
  2.6276276e-001  5.0000000e-001  1.5642306e+000
  2.6326326e-001  5.0000000e-001  1.5634613e+000
  2.6376376e-001  5.0000000e-001  1.5626759e+000
  2.6426426e-001  5.0000000e-001  1.5618749e+000
  2.6476476e-001  5.0000000e-001  1.5610588e+000
  2.6526527e-001  5.0000000e-001  1.5602282e+000
  2.6576577e-001  5.0000000e-001  1.5593834e+000
  2.6626627e-001  5.0000000e-001  1.5585251e+000
  2.6676677e-001  5.0000000e-001  1.5576538e+000
  2.6726727e-001  5.0000000e-001  1.5567698e+000
  2.6776777e-001  5.0000000e-001  1.5558738e+000
  2.6826827e-001  5.0000000e-001  1.5549663e+000
  2.6876877e-001  5.0000000e-001  1.5540476e+000
  2.6926927e-001  5.0000000e-001  1.5531185e+000
  2.6976977e-001  5.0000000e-001  1.5521792e+000
  2.7027027e-001  5.0000000e-001  1.5512304e+000
  2.7077077e-001  5.0000000e-001  1.5502725e+000
  2.7127127e-001  5.0000000e-001  1.5493060e+000
  2.7177177e-001  5.0000000e-001  1.5483314e+000
  2.7227227e-001  5.0000000e-001  1.5473492e+000
  2.7277277e-001  5.0000000e-001  1.5463598e+000
  2.7327327e-001  5.0000000e-001  1.5453638e+000
  2.7377377e-001  5.0000000e-001  1.5443616e+000
  2.7427427e-001  5.0000000e-001  1.5433537e+000
  2.7477477e-001  5.0000000e-001  1.5423406e+000
  2.7527528e-001  5.0000000e-001  1.5413227e+000
  2.7577578e-001  5.0000000e-001  1.5403005e+000
  2.7627628e-001  5.0000000e-001  1.5392744e+000
  2.7677678e-001  5.0000000e-001  1.5382450e+000
  2.7727728e-001  5.0000000e-001  1.5372126e+000
  2.7777778e-001  5.0000000e-001  1.5361777e+000
  2.7827828e-001  5.0000000e-001  1.5351407e+000
  2.7877878e-001  5.0000000e-001  1.5341021e+000
  2.7927928e-001  5.0000000e-001  1.5330624e+000
  2.7977978e-001  5.0000000e-001  1.5320219e+000
  2.8028028e-001  5.0000000e-001  1.5309810e+000
  2.8078078e-001  5.0000000e-001  1.5299402e+000
  2.8128128e-001  5.0000000e-001  1.5289000e+000
  2.8178178e-001  5.0000000e-001  1.5278606e+000
  2.8228228e-001  5.0000000e-001  1.5268226e+000
  2.8278278e-001  5.0000000e-001  1.5257862e+000
  2.8328328e-001  5.0000000e-001  1.5247520e+000
  2.8378378e-001  5.0000000e-001  1.5237202e+000
  2.8428428e-001  5.0000000e-001  1.5226914e+000
  2.8478478e-001  5.0000000e-001  1.5216657e+000
  2.8528529e-001  5.0000000e-001  1.5206437e+000
  2.8578579e-001  5.0000000e-001  1.5196257e+000
  2.8628629e-001  5.0000000e-001  1.5186120e+000
  2.8678679e-001  5.0000000e-001  1.5176029e+000
  2.8728729e-001  5.0000000e-001  1.5165990e+000
  2.8778779e-001  5.0000000e-001  1.5156004e+000
  2.8828829e-001  5.0000000e-001  1.5146075e+000
  2.8878879e-001  5.0000000e-001  1.5136206e+000
  2.8928929e-001  5.0000000e-001  1.5126401e+000
  2.8978979e-001  5.0000000e-001  1.5116663e+000
  2.9029029e-001  5.0000000e-001  1.5106994e+000
  2.9079079e-001  5.0000000e-001  1.5097398e+000
  2.9129129e-001  5.0000000e-001  1.5087878e+000
  2.9179179e-001  5.0000000e-001  1.5078437e+000
  2.9229229e-001  5.0000000e-001  1.5069077e+000
  2.9279279e-001  5.0000000e-001  1.5059802e+000
  2.9329329e-001  5.0000000e-001  1.5050613e+000
  2.9379379e-001  5.0000000e-001  1.5041514e+000
  2.9429429e-001  5.0000000e-001  1.5032507e+000
  2.9479479e-001  5.0000000e-001  1.5023595e+000
  2.9529530e-001  5.0000000e-001  1.5014779e+000
  2.9579580e-001  5.0000000e-001  1.5006063e+000
  2.9629630e-001  5.0000000e-001  1.4997449e+000
  2.9679680e-001  5.0000000e-001  1.4988939e+000
  2.9729730e-001  5.0000000e-001  1.4980534e+000
  2.9779780e-001  5.0000000e-001  1.4972238e+000
  2.9829830e-001  5.0000000e-001  1.4964052e+000
  2.9879880e-001  5.0000000e-001  1.4955977e+000
  2.9929930e-001  5.0000000e-001  1.4948017e+000
  2.9979980e-001  5.0000000e-001  1.4940173e+000
  3.0030030e-001  5.0000000e-001  1.4932446e+000
  3.0080080e-001  5.0000000e-001  1.4924838e+000
  3.0130130e-001  5.0000000e-001  1.4917351e+000
  3.0180180e-001  5.0000000e-001  1.4909986e+000
  3.0230230e-001  5.0000000e-001  1.4902746e+000
  3.0280280e-001  5.0000000e-001  1.4895630e+000
  3.0330330e-001  5.0000000e-001  1.4888641e+000
  3.0380380e-001  5.0000000e-001  1.4881779e+000
  3.0430430e-001  5.0000000e-001  1.4875047e+000
  3.0480480e-001  5.0000000e-001  1.4868445e+000
  3.0530531e-001  5.0000000e-001  1.4861974e+000
  3.0580581e-001  5.0000000e-001  1.4855635e+000
  3.0630631e-001  5.0000000e-001  1.4849430e+000
  3.0680681e-001  5.0000000e-001  1.4843359e+000
  3.0730731e-001  5.0000000e-001  1.4837422e+000
  3.0780781e-001  5.0000000e-001  1.4831621e+000
  3.0830831e-001  5.0000000e-001  1.4825957e+000
  3.0880881e-001  5.0000000e-001  1.4820429e+000
  3.0930931e-001  5.0000000e-001  1.4815039e+000
  3.0980981e-001  5.0000000e-001  1.4809787e+000
  3.1031031e-001  5.0000000e-001  1.4804674e+000
  3.1081081e-001  5.0000000e-001  1.4799699e+000
  3.1131131e-001  5.0000000e-001  1.4794864e+000
  3.1181181e-001  5.0000000e-001  1.4790168e+000
  3.1231231e-001  5.0000000e-001  1.4785612e+000
  3.1281281e-001  5.0000000e-001  1.4781196e+000
  3.1331331e-001  5.0000000e-001  1.4776919e+000
  3.1381381e-001  5.0000000e-001  1.4772782e+000
  3.1431431e-001  5.0000000e-001  1.4768786e+000
  3.1481481e-001  5.0000000e-001  1.4764929e+000
  3.1531532e-001  5.0000000e-001  1.4761212e+000
  3.1581582e-001  5.0000000e-001  1.4757634e+000
  3.1631632e-001  5.0000000e-001  1.4754196e+000
  3.1681682e-001  5.0000000e-001  1.4750896e+000
  3.1731732e-001  5.0000000e-001  1.4747736e+000
  3.1781782e-001  5.0000000e-001  1.4744713e+000
  3.1831832e-001  5.0000000e-001  1.4741828e+000
  3.1881882e-001  5.0000000e-001  1.4739081e+000
  3.1931932e-001  5.0000000e-001  1.4736470e+000
  3.1981982e-001  5.0000000e-001  1.4733996e+000
  3.2032032e-001  5.0000000e-001  1.4731657e+000
  3.2082082e-001  5.0000000e-001  1.4729453e+000
  3.2132132e-001  5.0000000e-001  1.4727383e+000
  3.2182182e-001  5.0000000e-001  1.4725446e+000
  3.2232232e-001  5.0000000e-001  1.4723642e+000
  3.2282282e-001  5.0000000e-001  1.4721969e+000
  3.2332332e-001  5.0000000e-001  1.4720427e+000
  3.2382382e-001  5.0000000e-001  1.4719015e+000
  3.2432432e-001  5.0000000e-001  1.4717732e+000
  3.2482482e-001  5.0000000e-001  1.4716577e+000
  3.2532533e-001  5.0000000e-001  1.4715548e+000
  3.2582583e-001  5.0000000e-001  1.4714645e+000
  3.2632633e-001  5.0000000e-001  1.4713866e+000
  3.2682683e-001  5.0000000e-001  1.4713211e+000
  3.2732733e-001  5.0000000e-001  1.4712677e+000
  3.2782783e-001  5.0000000e-001  1.4712265e+000
  3.2832833e-001  5.0000000e-001  1.4711972e+000
  3.2882883e-001  5.0000000e-001  1.4711797e+000
  3.2932933e-001  5.0000000e-001  1.4711739e+000
  3.2982983e-001  5.0000000e-001  1.4711797e+000
  3.3033033e-001  5.0000000e-001  1.4711969e+000
  3.3083083e-001  5.0000000e-001  1.4712254e+000
  3.3133133e-001  5.0000000e-001  1.4712649e+000
  3.3183183e-001  5.0000000e-001  1.4713155e+000
  3.3233233e-001  5.0000000e-001  1.4713769e+000
  3.3283283e-001  5.0000000e-001  1.4714489e+000
  3.3333333e-001  5.0000000e-001  1.4715315e+000
  3.3383383e-001  5.0000000e-001  1.4716244e+000
  3.3433433e-001  5.0000000e-001  1.4717275e+000
  3.3483483e-001  5.0000000e-001  1.4718407e+000
  3.3533534e-001  5.0000000e-001  1.4719637e+000
  3.3583584e-001  5.0000000e-001  1.4720964e+000
  3.3633634e-001  5.0000000e-001  1.4722387e+000
  3.3683684e-001  5.0000000e-001  1.4723903e+000
  3.3733734e-001  5.0000000e-001  1.4725511e+000
  3.3783784e-001  5.0000000e-001  1.4727209e+000
  3.3833834e-001  5.0000000e-001  1.4728995e+000
  3.3883884e-001  5.0000000e-001  1.4730869e+000
  3.3933934e-001  5.0000000e-001  1.4732827e+000
  3.3983984e-001  5.0000000e-001  1.4734868e+000
  3.4034034e-001  5.0000000e-001  1.4736990e+000
  3.4084084e-001  5.0000000e-001  1.4739192e+000
  3.4134134e-001  5.0000000e-001  1.4741471e+000
  3.4184184e-001  5.0000000e-001  1.4743826e+000
  3.4234234e-001  5.0000000e-001  1.4746255e+000
  3.4284284e-001  5.0000000e-001  1.4748757e+000
  3.4334334e-001  5.0000000e-001  1.4751328e+000
  3.4384384e-001  5.0000000e-001  1.4753968e+000
  3.4434434e-001  5.0000000e-001  1.4756674e+000
  3.4484484e-001  5.0000000e-001  1.4759445e+000
  3.4534535e-001  5.0000000e-001  1.4762279e+000
  3.4584585e-001  5.0000000e-001  1.4765173e+000
  3.4634635e-001  5.0000000e-001  1.4768127e+000
  3.4684685e-001  5.0000000e-001  1.4771137e+000
  3.4734735e-001  5.0000000e-001  1.4774203e+000
  3.4784785e-001  5.0000000e-001  1.4777322e+000
  3.4834835e-001  5.0000000e-001  1.4780493e+000
  3.4884885e-001  5.0000000e-001  1.4783713e+000
  3.4934935e-001  5.0000000e-001  1.4786981e+000
  3.4984985e-001  5.0000000e-001  1.4790295e+000
  3.5035035e-001  5.0000000e-001  1.4793653e+000
  3.5085085e-001  5.0000000e-001  1.4797053e+000
  3.5135135e-001  5.0000000e-001  1.4800493e+000
  3.5185185e-001  5.0000000e-001  1.4803972e+000
  3.5235235e-001  5.0000000e-001  1.4807487e+000
  3.5285285e-001  5.0000000e-001  1.4811037e+000
  3.5335335e-001  5.0000000e-001  1.4814620e+000
  3.5385385e-001  5.0000000e-001  1.4818233e+000
  3.5435435e-001  5.0000000e-001  1.4821876e+000
  3.5485485e-001  5.0000000e-001  1.4825547e+000
  3.5535536e-001  5.0000000e-001  1.4829243e+000
  3.5585586e-001  5.0000000e-001  1.4832963e+000
  3.5635636e-001  5.0000000e-001  1.4836706e+000
  3.5685686e-001  5.0000000e-001  1.4840468e+000
  3.5735736e-001  5.0000000e-001  1.4844250e+000
  3.5785786e-001  5.0000000e-001  1.4848048e+000
  3.5835836e-001  5.0000000e-001  1.4851861e+000
  3.5885886e-001  5.0000000e-001  1.4855688e+000
  3.5935936e-001  5.0000000e-001  1.4859527e+000
  3.5985986e-001  5.0000000e-001  1.4863375e+000
  3.6036036e-001  5.0000000e-001  1.4867233e+000
  3.6086086e-001  5.0000000e-001  1.4871097e+000
  3.6136136e-001  5.0000000e-001  1.4874966e+000
  3.6186186e-001  5.0000000e-001  1.4878839e+000
  3.6236236e-001  5.0000000e-001  1.4882714e+000
  3.6286286e-001  5.0000000e-001  1.4886589e+000
  3.6336336e-001  5.0000000e-001  1.4890463e+000
  3.6386386e-001  5.0000000e-001  1.4894335e+000
  3.6436436e-001  5.0000000e-001  1.4898203e+000
  3.6486486e-001  5.0000000e-001  1.4902065e+000
  3.6536537e-001  5.0000000e-001  1.4905919e+000
  3.6586587e-001  5.0000000e-001  1.4909766e+000
  3.6636637e-001  5.0000000e-001  1.4913602e+000
  3.6686687e-001  5.0000000e-001  1.4917427e+000
  3.6736737e-001  5.0000000e-001  1.4921239e+000
  3.6786787e-001  5.0000000e-001  1.4925037e+000
  3.6836837e-001  5.0000000e-001  1.4928820e+000
  3.6886887e-001  5.0000000e-001  1.4932585e+000
  3.6936937e-001  5.0000000e-001  1.4936333e+000
  3.6986987e-001  5.0000000e-001  1.4940061e+000
  3.7037037e-001  5.0000000e-001  1.4943769e+000
  3.7087087e-001  5.0000000e-001  1.4947454e+000
  3.7137137e-001  5.0000000e-001  1.4951117e+000
  3.7187187e-001  5.0000000e-001  1.4954755e+000
  3.7237237e-001  5.0000000e-001  1.4958368e+000
  3.7287287e-001  5.0000000e-001  1.4961955e+000
  3.7337337e-001  5.0000000e-001  1.4965514e+000
  3.7387387e-001  5.0000000e-001  1.4969044e+000
  3.7437437e-001  5.0000000e-001  1.4972544e+000
  3.7487487e-001  5.0000000e-001  1.4976013e+000
  3.7537538e-001  5.0000000e-001  1.4979450e+000
  3.7587588e-001  5.0000000e-001  1.4982855e+000
  3.7637638e-001  5.0000000e-001  1.4986226e+000
  3.7687688e-001  5.0000000e-001  1.4989562e+000
  3.7737738e-001  5.0000000e-001  1.4992862e+000
  3.7787788e-001  5.0000000e-001  1.4996126e+000
  3.7837838e-001  5.0000000e-001  1.4999352e+000
  3.7887888e-001  5.0000000e-001  1.5002540e+000
  3.7937938e-001  5.0000000e-001  1.5005689e+000
  3.7987988e-001  5.0000000e-001  1.5008799e+000
  3.8038038e-001  5.0000000e-001  1.5011867e+000
  3.8088088e-001  5.0000000e-001  1.5014894e+000
  3.8138138e-001  5.0000000e-001  1.5017879e+000
  3.8188188e-001  5.0000000e-001  1.5020822e+000
  3.8238238e-001  5.0000000e-001  1.5023721e+000
  3.8288288e-001  5.0000000e-001  1.5026575e+000
  3.8338338e-001  5.0000000e-001  1.5029386e+000
  3.8388388e-001  5.0000000e-001  1.5032150e+000
  3.8438438e-001  5.0000000e-001  1.5034869e+000
  3.8488488e-001  5.0000000e-001  1.5037542e+000
  3.8538539e-001  5.0000000e-001  1.5040168e+000
  3.8588589e-001  5.0000000e-001  1.5042746e+000
  3.8638639e-001  5.0000000e-001  1.5045277e+000
  3.8688689e-001  5.0000000e-001  1.5047760e+000
  3.8738739e-001  5.0000000e-001  1.5050193e+000
  3.8788789e-001  5.0000000e-001  1.5052578e+000
  3.8838839e-001  5.0000000e-001  1.5054913e+000
  3.8888889e-001  5.0000000e-001  1.5057199e+000
  3.8938939e-001  5.0000000e-001  1.5059434e+000
  3.8988989e-001  5.0000000e-001  1.5061619e+000
  3.9039039e-001  5.0000000e-001  1.5063754e+000
  3.9089089e-001  5.0000000e-001  1.5065837e+000
  3.9139139e-001  5.0000000e-001  1.5067870e+000
  3.9189189e-001  5.0000000e-001  1.5069851e+000
  3.9239239e-001  5.0000000e-001  1.5071780e+000
  3.9289289e-001  5.0000000e-001  1.5073658e+000
  3.9339339e-001  5.0000000e-001  1.5075485e+000
  3.9389389e-001  5.0000000e-001  1.5077259e+000
  3.9439439e-001  5.0000000e-001  1.5078981e+000
  3.9489489e-001  5.0000000e-001  1.5080652e+000
  3.9539540e-001  5.0000000e-001  1.5082270e+000
  3.9589590e-001  5.0000000e-001  1.5083836e+000
  3.9639640e-001  5.0000000e-001  1.5085350e+000
  3.9689690e-001  5.0000000e-001  1.5086812e+000
  3.9739740e-001  5.0000000e-001  1.5088222e+000
  3.9789790e-001  5.0000000e-001  1.5089580e+000
  3.9839840e-001  5.0000000e-001  1.5090886e+000
  3.9889890e-001  5.0000000e-001  1.5092141e+000
  3.9939940e-001  5.0000000e-001  1.5093343e+000
  3.9989990e-001  5.0000000e-001  1.5094494e+000
  4.0040040e-001  5.0000000e-001  1.5095594e+000
  4.0090090e-001  5.0000000e-001  1.5096642e+000
  4.0140140e-001  5.0000000e-001  1.5097640e+000
  4.0190190e-001  5.0000000e-001  1.5098586e+000
  4.0240240e-001  5.0000000e-001  1.5099482e+000
  4.0290290e-001  5.0000000e-001  1.5100328e+000
  4.0340340e-001  5.0000000e-001  1.5101124e+000
  4.0390390e-001  5.0000000e-001  1.5101870e+000
  4.0440440e-001  5.0000000e-001  1.5102566e+000
  4.0490490e-001  5.0000000e-001  1.5103213e+000
  4.0540541e-001  5.0000000e-001  1.5103811e+000
  4.0590591e-001  5.0000000e-001  1.5104361e+000
  4.0640641e-001  5.0000000e-001  1.5104863e+000
  4.0690691e-001  5.0000000e-001  1.5105317e+000
  4.0740741e-001  5.0000000e-001  1.5105723e+000
  4.0790791e-001  5.0000000e-001  1.5106083e+000
  4.0840841e-001  5.0000000e-001  1.5106396e+000
  4.0890891e-001  5.0000000e-001  1.5106663e+000
  4.0940941e-001  5.0000000e-001  1.5106884e+000
  4.0990991e-001  5.0000000e-001  1.5107060e+000
  4.1041041e-001  5.0000000e-001  1.5107191e+000
  4.1091091e-001  5.0000000e-001  1.5107278e+000
  4.1141141e-001  5.0000000e-001  1.5107322e+000
  4.1191191e-001  5.0000000e-001  1.5107322e+000
  4.1241241e-001  5.0000000e-001  1.5107279e+000
  4.1291291e-001  5.0000000e-001  1.5107194e+000
  4.1341341e-001  5.0000000e-001  1.5107067e+000
  4.1391391e-001  5.0000000e-001  1.5106899e+000
  4.1441441e-001  5.0000000e-001  1.5106690e+000
  4.1491491e-001  5.0000000e-001  1.5106442e+000
  4.1541542e-001  5.0000000e-001  1.5106154e+000
  4.1591592e-001  5.0000000e-001  1.5105827e+000
  4.1641642e-001  5.0000000e-001  1.5105462e+000
  4.1691692e-001  5.0000000e-001  1.5105060e+000
  4.1741742e-001  5.0000000e-001  1.5104620e+000
  4.1791792e-001  5.0000000e-001  1.5104144e+000
  4.1841842e-001  5.0000000e-001  1.5103632e+000
  4.1891892e-001  5.0000000e-001  1.5103085e+000
  4.1941942e-001  5.0000000e-001  1.5102503e+000
  4.1991992e-001  5.0000000e-001  1.5101887e+000
  4.2042042e-001  5.0000000e-001  1.5101238e+000
  4.2092092e-001  5.0000000e-001  1.5100557e+000
  4.2142142e-001  5.0000000e-001  1.5099844e+000
  4.2192192e-001  5.0000000e-001  1.5099099e+000
  4.2242242e-001  5.0000000e-001  1.5098324e+000
  4.2292292e-001  5.0000000e-001  1.5097519e+000
  4.2342342e-001  5.0000000e-001  1.5096685e+000
  4.2392392e-001  5.0000000e-001  1.5095822e+000
  4.2442442e-001  5.0000000e-001  1.5094931e+000
  4.2492492e-001  5.0000000e-001  1.5094013e+000
  4.2542543e-001  5.0000000e-001  1.5093069e+000
  4.2592593e-001  5.0000000e-001  1.5092098e+000
  4.2642643e-001  5.0000000e-001  1.5091103e+000
  4.2692693e-001  5.0000000e-001  1.5090083e+000
  4.2742743e-001  5.0000000e-001  1.5089040e+000
  4.2792793e-001  5.0000000e-001  1.5087973e+000
  4.2842843e-001  5.0000000e-001  1.5086884e+000
  4.2892893e-001  5.0000000e-001  1.5085774e+000
  4.2942943e-001  5.0000000e-001  1.5084643e+000
  4.2992993e-001  5.0000000e-001  1.5083491e+000
  4.3043043e-001  5.0000000e-001  1.5082320e+000
  4.3093093e-001  5.0000000e-001  1.5081130e+000
  4.3143143e-001  5.0000000e-001  1.5079922e+000
  4.3193193e-001  5.0000000e-001  1.5078697e+000
  4.3243243e-001  5.0000000e-001  1.5077455e+000
  4.3293293e-001  5.0000000e-001  1.5076197e+000
  4.3343343e-001  5.0000000e-001  1.5074923e+000
  4.3393393e-001  5.0000000e-001  1.5073635e+000
  4.3443443e-001  5.0000000e-001  1.5072333e+000
  4.3493493e-001  5.0000000e-001  1.5071018e+000
  4.3543544e-001  5.0000000e-001  1.5069690e+000
  4.3593594e-001  5.0000000e-001  1.5068350e+000
  4.3643644e-001  5.0000000e-001  1.5066999e+000
  4.3693694e-001  5.0000000e-001  1.5065637e+000
  4.3743744e-001  5.0000000e-001  1.5064266e+000
  4.3793794e-001  5.0000000e-001  1.5062885e+000
  4.3843844e-001  5.0000000e-001  1.5061496e+000
  4.3893894e-001  5.0000000e-001  1.5060099e+000
  4.3943944e-001  5.0000000e-001  1.5058694e+000
  4.3993994e-001  5.0000000e-001  1.5057283e+000
  4.4044044e-001  5.0000000e-001  1.5055866e+000
  4.4094094e-001  5.0000000e-001  1.5054444e+000
  4.4144144e-001  5.0000000e-001  1.5053016e+000
  4.4194194e-001  5.0000000e-001  1.5051585e+000
  4.4244244e-001  5.0000000e-001  1.5050151e+000
  4.4294294e-001  5.0000000e-001  1.5048713e+000
  4.4344344e-001  5.0000000e-001  1.5047273e+000
  4.4394394e-001  5.0000000e-001  1.5045832e+000
  4.4444444e-001  5.0000000e-001  1.5044389e+000
  4.4494494e-001  5.0000000e-001  1.5042947e+000
  4.4544545e-001  5.0000000e-001  1.5041504e+000
  4.4594595e-001  5.0000000e-001  1.5040062e+000
  4.4644645e-001  5.0000000e-001  1.5038621e+000
  4.4694695e-001  5.0000000e-001  1.5037182e+000
  4.4744745e-001  5.0000000e-001  1.5035745e+000
  4.4794795e-001  5.0000000e-001  1.5034312e+000
  4.4844845e-001  5.0000000e-001  1.5032881e+000
  4.4894895e-001  5.0000000e-001  1.5031455e+000
  4.4944945e-001  5.0000000e-001  1.5030033e+000
  4.4994995e-001  5.0000000e-001  1.5028616e+000
  4.5045045e-001  5.0000000e-001  1.5027205e+000
  4.5095095e-001  5.0000000e-001  1.5025800e+000
  4.5145145e-001  5.0000000e-001  1.5024401e+000
  4.5195195e-001  5.0000000e-001  1.5023009e+000
  4.5245245e-001  5.0000000e-001  1.5021625e+000
  4.5295295e-001  5.0000000e-001  1.5020249e+000
  4.5345345e-001  5.0000000e-001  1.5018881e+000
  4.5395395e-001  5.0000000e-001  1.5017521e+000
  4.5445445e-001  5.0000000e-001  1.5016171e+000
  4.5495495e-001  5.0000000e-001  1.5014831e+000
  4.5545546e-001  5.0000000e-001  1.5013501e+000
  4.5595596e-001  5.0000000e-001  1.5012181e+000
  4.5645646e-001  5.0000000e-001  1.5010872e+000
  4.5695696e-001  5.0000000e-001  1.5009575e+000
  4.5745746e-001  5.0000000e-001  1.5008289e+000
  4.5795796e-001  5.0000000e-001  1.5007015e+000
  4.5845846e-001  5.0000000e-001  1.5005754e+000
  4.5895896e-001  5.0000000e-001  1.5004505e+000
  4.5945946e-001  5.0000000e-001  1.5003270e+000
  4.5995996e-001  5.0000000e-001  1.5002048e+000
  4.6046046e-001  5.0000000e-001  1.5000839e+000
  4.6096096e-001  5.0000000e-001  1.4999645e+000
  4.6146146e-001  5.0000000e-001  1.4998466e+000
  4.6196196e-001  5.0000000e-001  1.4997300e+000
  4.6246246e-001  5.0000000e-001  1.4996150e+000
  4.6296296e-001  5.0000000e-001  1.4995016e+000
  4.6346346e-001  5.0000000e-001  1.4993896e+000
  4.6396396e-001  5.0000000e-001  1.4992793e+000
  4.6446446e-001  5.0000000e-001  1.4991705e+000
  4.6496496e-001  5.0000000e-001  1.4990634e+000
  4.6546547e-001  5.0000000e-001  1.4989580e+000
  4.6596597e-001  5.0000000e-001  1.4988542e+000
  4.6646647e-001  5.0000000e-001  1.4987521e+000
  4.6696697e-001  5.0000000e-001  1.4986517e+000
  4.6746747e-001  5.0000000e-001  1.4985531e+000
  4.6796797e-001  5.0000000e-001  1.4984562e+000
  4.6846847e-001  5.0000000e-001  1.4983611e+000
  4.6896897e-001  5.0000000e-001  1.4982677e+000
  4.6946947e-001  5.0000000e-001  1.4981762e+000
  4.6996997e-001  5.0000000e-001  1.4980865e+000
  4.7047047e-001  5.0000000e-001  1.4979986e+000
  4.7097097e-001  5.0000000e-001  1.4979126e+000
  4.7147147e-001  5.0000000e-001  1.4978285e+000
  4.7197197e-001  5.0000000e-001  1.4977462e+000
  4.7247247e-001  5.0000000e-001  1.4976657e+000
  4.7297297e-001  5.0000000e-001  1.4975872e+000
  4.7347347e-001  5.0000000e-001  1.4975106e+000
  4.7397397e-001  5.0000000e-001  1.4974359e+000
  4.7447447e-001  5.0000000e-001  1.4973631e+000
  4.7497497e-001  5.0000000e-001  1.4972922e+000
  4.7547548e-001  5.0000000e-001  1.4972232e+000
  4.7597598e-001  5.0000000e-001  1.4971562e+000
  4.7647648e-001  5.0000000e-001  1.4970911e+000
  4.7697698e-001  5.0000000e-001  1.4970280e+000
  4.7747748e-001  5.0000000e-001  1.4969667e+000
  4.7797798e-001  5.0000000e-001  1.4969074e+000
  4.7847848e-001  5.0000000e-001  1.4968501e+000
  4.7897898e-001  5.0000000e-001  1.4967947e+000
  4.7947948e-001  5.0000000e-001  1.4967412e+000
  4.7997998e-001  5.0000000e-001  1.4966897e+000
  4.8048048e-001  5.0000000e-001  1.4966401e+000
  4.8098098e-001  5.0000000e-001  1.4965925e+000
  4.8148148e-001  5.0000000e-001  1.4965467e+000
  4.8198198e-001  5.0000000e-001  1.4965029e+000
  4.8248248e-001  5.0000000e-001  1.4964610e+000
  4.8298298e-001  5.0000000e-001  1.4964210e+000
  4.8348348e-001  5.0000000e-001  1.4963829e+000
  4.8398398e-001  5.0000000e-001  1.4963467e+000
  4.8448448e-001  5.0000000e-001  1.4963124e+000
  4.8498498e-001  5.0000000e-001  1.4962800e+000
  4.8548549e-001  5.0000000e-001  1.4962495e+000
  4.8598599e-001  5.0000000e-001  1.4962208e+000
  4.8648649e-001  5.0000000e-001  1.4961939e+000
  4.8698699e-001  5.0000000e-001  1.4961689e+000
  4.8748749e-001  5.0000000e-001  1.4961457e+000
  4.8798799e-001  5.0000000e-001  1.4961244e+000
  4.8848849e-001  5.0000000e-001  1.4961048e+000
  4.8898899e-001  5.0000000e-001  1.4960870e+000
  4.8948949e-001  5.0000000e-001  1.4960710e+000
  4.8998999e-001  5.0000000e-001  1.4960567e+000
  4.9049049e-001  5.0000000e-001  1.4960442e+000
  4.9099099e-001  5.0000000e-001  1.4960334e+000
  4.9149149e-001  5.0000000e-001  1.4960243e+000
  4.9199199e-001  5.0000000e-001  1.4960169e+000
  4.9249249e-001  5.0000000e-001  1.4960112e+000
  4.9299299e-001  5.0000000e-001  1.4960072e+000
  4.9349349e-001  5.0000000e-001  1.4960047e+000
  4.9399399e-001  5.0000000e-001  1.4960039e+000
  4.9449449e-001  5.0000000e-001  1.4960047e+000
  4.9499499e-001  5.0000000e-001  1.4960071e+000
  4.9549550e-001  5.0000000e-001  1.4960111e+000
  4.9599600e-001  5.0000000e-001  1.4960166e+000
  4.9649650e-001  5.0000000e-001  1.4960236e+000
  4.9699700e-001  5.0000000e-001  1.4960321e+000
  4.9749750e-001  5.0000000e-001  1.4960421e+000
  4.9799800e-001  5.0000000e-001  1.4960535e+000
  4.9849850e-001  5.0000000e-001  1.4960664e+000
  4.9899900e-001  5.0000000e-001  1.4960807e+000
  4.9949950e-001  5.0000000e-001  1.4960964e+000
  5.0000000e-001  5.0000000e-001  1.4961134e+000
