  0.0000000e+000  1.0000000e+000  0.0000000e+000
  3.0030030e-003  1.0000000e+000  5.3875977e-003
  6.0060060e-003  1.0000000e+000  2.1445218e-002
  9.0090090e-003  1.0000000e+000  4.7987901e-002
  1.2012012e-002  1.0000000e+000  8.4795309e-002
  1.5015015e-002  1.0000000e+000  1.3161294e-001
  1.8018018e-002  1.0000000e+000  1.8815345e-001
  2.1021021e-002  1.0000000e+000  2.5409808e-001
  2.4024024e-002  1.0000000e+000  3.2909815e-001
  2.7027027e-002  1.0000000e+000  4.1277671e-001
  3.0030030e-002  1.0000000e+000  5.0473017e-001
  3.3033033e-002  1.0000000e+000  6.0453013e-001
  3.6036036e-002  1.0000000e+000  7.1172515e-001
  3.9039039e-002  1.0000000e+000  8.2584269e-001
  4.2042042e-002  1.0000000e+000  9.4639104e-001
  4.5045045e-002  1.0000000e+000  1.0728613e+000
  4.8048048e-002  1.0000000e+000  1.2047294e+000
  5.1051051e-002  1.0000000e+000  1.3414582e+000
  5.4054054e-002  1.0000000e+000  1.4824996e+000
  5.7057057e-002  1.0000000e+000  1.6272966e+000
  6.0060060e-002  1.0000000e+000  1.7752851e+000
  6.3063063e-002  1.0000000e+000  1.9258967e+000
  6.6066066e-002  1.0000000e+000  2.0785601e+000
  6.9069069e-002  1.0000000e+000  2.2327037e+000
  7.2072072e-002  1.0000000e+000  2.3877572e+000
  7.5075075e-002  1.0000000e+000  2.5431540e+000
  7.8078078e-002  1.0000000e+000  2.6983328e+000
  8.1081081e-002  1.0000000e+000  2.8527402e+000
  8.4084084e-002  1.0000000e+000  3.0058318e+000
  8.7087087e-002  1.0000000e+000  3.1570745e+000
  9.0090090e-002  1.0000000e+000  3.3059483e+000
  9.3093093e-002  1.0000000e+000  3.4519479e+000
  9.6096096e-002  1.0000000e+000  3.5945842e+000
  9.9099099e-002  1.0000000e+000  3.7333860e+000
  1.0210210e-001  1.0000000e+000  3.8679017e+000
  1.0510511e-001  1.0000000e+000  3.9977002e+000
  1.0810811e-001  1.0000000e+000  4.1223726e+000
  1.1111111e-001  1.0000000e+000  4.2415331e+000
  1.1411411e-001  1.0000000e+000  4.3548205e+000
  1.1711712e-001  1.0000000e+000  4.4618989e+000
  1.2012012e-001  1.0000000e+000  4.5624584e+000
  1.2312312e-001  1.0000000e+000  4.6562165e+000
  1.2612613e-001  1.0000000e+000  4.7429183e+000
  1.2912913e-001  1.0000000e+000  4.8223374e+000
  1.3213213e-001  1.0000000e+000  4.8942758e+000
  1.3513514e-001  1.0000000e+000  4.9585652e+000
  1.3813814e-001  1.0000000e+000  5.0150664e+000
  1.4114114e-001  1.0000000e+000  5.0636698e+000
  1.4414414e-001  1.0000000e+000  5.1042956e+000
  1.4714715e-001  1.0000000e+000  5.1368933e+000
  1.5015015e-001  1.0000000e+000  5.1614419e+000
  1.5315315e-001  1.0000000e+000  5.1779497e+000
  1.5615616e-001  1.0000000e+000  5.1864534e+000
  1.5915916e-001  1.0000000e+000  5.1870180e+000
  1.6216216e-001  1.0000000e+000  5.1797365e+000
  1.6516517e-001  1.0000000e+000  5.1647285e+000
  1.6816817e-001  1.0000000e+000  5.1421401e+000
  1.7117117e-001  1.0000000e+000  5.1121428e+000
  1.7417417e-001  1.0000000e+000  5.0749326e+000
  1.7717718e-001  1.0000000e+000  5.0307290e+000
  1.8018018e-001  1.0000000e+000  4.9797739e+000
  1.8318318e-001  1.0000000e+000  4.9223306e+000
  1.8618619e-001  1.0000000e+000  4.8586825e+000
  1.8918919e-001  1.0000000e+000  4.7891318e+000
  1.9219219e-001  1.0000000e+000  4.7139984e+000
  1.9519520e-001  1.0000000e+000  4.6336181e+000
  1.9819820e-001  1.0000000e+000  4.5483417e+000
  2.0120120e-001  1.0000000e+000  4.4585335e+000
  2.0420420e-001  1.0000000e+000  4.3645694e+000
  2.0720721e-001  1.0000000e+000  4.2668359e+000
  2.1021021e-001  1.0000000e+000  4.1657282e+000
  2.1321321e-001  1.0000000e+000  4.0616493e+000
  2.1621622e-001  1.0000000e+000  3.9550074e+000
  2.1921922e-001  1.0000000e+000  3.8462157e+000
  2.2222222e-001  1.0000000e+000  3.7356896e+000
  2.2522523e-001  1.0000000e+000  3.6238461e+000
  2.2822823e-001  1.0000000e+000  3.5111018e+000
  2.3123123e-001  1.0000000e+000  3.3978716e+000
  2.3423423e-001  1.0000000e+000  3.2845672e+000
  2.3723724e-001  1.0000000e+000  3.1715957e+000
  2.4024024e-001  1.0000000e+000  3.0593579e+000
  2.4324324e-001  1.0000000e+000  2.9482475e+000
  2.4624625e-001  1.0000000e+000  2.8386493e+000
  2.4924925e-001  1.0000000e+000  2.7309381e+000
  2.5225225e-001  1.0000000e+000  2.6254774e+000
  2.5525526e-001  1.0000000e+000  2.5226185e+000
  2.5825826e-001  1.0000000e+000  2.4226989e+000
  2.6126126e-001  1.0000000e+000  2.3260417e+000
  2.6426426e-001  1.0000000e+000  2.2329545e+000
  2.6726727e-001  1.0000000e+000  2.1437283e+000
  2.7027027e-001  1.0000000e+000  2.0586367e+000
  2.7327327e-001  1.0000000e+000  1.9779356e+000
  2.7627628e-001  1.0000000e+000  1.9018617e+000
  2.7927928e-001  1.0000000e+000  1.8306325e+000
  2.8228228e-001  1.0000000e+000  1.7644454e+000
  2.8528529e-001  1.0000000e+000  1.7034775e+000
  2.8828829e-001  1.0000000e+000  1.6478850e+000
  2.9129129e-001  1.0000000e+000  1.5978031e+000
  2.9429429e-001  1.0000000e+000  1.5533454e+000
  2.9729730e-001  1.0000000e+000  1.5146041e+000
  3.0030030e-001  1.0000000e+000  1.4816499e+000
  3.0330330e-001  1.0000000e+000  1.4545318e+000
  3.0630631e-001  1.0000000e+000  1.4332772e+000
  3.0930931e-001  1.0000000e+000  1.4178925e+000
  3.1231231e-001  1.0000000e+000  1.4083626e+000
  3.1531532e-001  1.0000000e+000  1.4046519e+000
  3.1831832e-001  1.0000000e+000  1.4067040e+000
  3.2132132e-001  1.0000000e+000  1.4144429e+000
  3.2432432e-001  1.0000000e+000  1.4277729e+000
  3.2732733e-001  1.0000000e+000  1.4465795e+000
  3.3033033e-001  1.0000000e+000  1.4707298e+000
  3.3333333e-001  1.0000000e+000  1.5000736e+000
  3.3633634e-001  1.0000000e+000  1.5344435e+000
  3.3933934e-001  1.0000000e+000  1.5736564e+000
  3.4234234e-001  1.0000000e+000  1.6175139e+000
  3.4534535e-001  1.0000000e+000  1.6658034e+000
  3.4834835e-001  1.0000000e+000  1.7182988e+000
  3.5135135e-001  1.0000000e+000  1.7747616e+000
  3.5435435e-001  1.0000000e+000  1.8349423e+000
  3.5735736e-001  1.0000000e+000  1.8985806e+000
  3.6036036e-001  1.0000000e+000  1.9654071e+000
  3.6336336e-001  1.0000000e+000  2.0351443e+000
  3.6636637e-001  1.0000000e+000  2.1075074e+000
  3.6936937e-001  1.0000000e+000  2.1822057e+000
  3.7237237e-001  1.0000000e+000  2.2589434e+000
  3.7537538e-001  1.0000000e+000  2.3374213e+000
  3.7837838e-001  1.0000000e+000  2.4173372e+000
  3.8138138e-001  1.0000000e+000  2.4983874e+000
  3.8438438e-001  1.0000000e+000  2.5802680e+000
  3.8738739e-001  1.0000000e+000  2.6626754e+000
  3.9039039e-001  1.0000000e+000  2.7453081e+000
  3.9339339e-001  1.0000000e+000  2.8278670e+000
  3.9639640e-001  1.0000000e+000  2.9100572e+000
  3.9939940e-001  1.0000000e+000  2.9915885e+000
  4.0240240e-001  1.0000000e+000  3.0721764e+000
  4.0540541e-001  1.0000000e+000  3.1515434e+000
  4.0840841e-001  1.0000000e+000  3.2294194e+000
  4.1141141e-001  1.0000000e+000  3.3055433e+000
  4.1441441e-001  1.0000000e+000  3.3796630e+000
  4.1741742e-001  1.0000000e+000  3.4515368e+000
  4.2042042e-001  1.0000000e+000  3.5209338e+000
  4.2342342e-001  1.0000000e+000  3.5876349e+000
  4.2642643e-001  1.0000000e+000  3.6514332e+000
  4.2942943e-001  1.0000000e+000  3.7121346e+000
  4.3243243e-001  1.0000000e+000  3.7695585e+000
  4.3543544e-001  1.0000000e+000  3.8235383e+000
  4.3843844e-001  1.0000000e+000  3.8739215e+000
  4.4144144e-001  1.0000000e+000  3.9205706e+000
  4.4444444e-001  1.0000000e+000  3.9633628e+000
  4.4744745e-001  1.0000000e+000  4.0021908e+000
  4.5045045e-001  1.0000000e+000  4.0369628e+000
  4.5345345e-001  1.0000000e+000  4.0676025e+000
  4.5645646e-001  1.0000000e+000  4.0940496e+000
  4.5945946e-001  1.0000000e+000  4.1162592e+000
  4.6246246e-001  1.0000000e+000  4.1342023e+000
  4.6546547e-001  1.0000000e+000  4.1478655e+000
  4.6846847e-001  1.0000000e+000  4.1572510e+000
  4.7147147e-001  1.0000000e+000  4.1623763e+000
  4.7447447e-001  1.0000000e+000  4.1632737e+000
  4.7747748e-001  1.0000000e+000  4.1599906e+000
  4.8048048e-001  1.0000000e+000  4.1525886e+000
  4.8348348e-001  1.0000000e+000  4.1411435e+000
  4.8648649e-001  1.0000000e+000  4.1257446e+000
  4.8948949e-001  1.0000000e+000  4.1064943e+000
  4.9249249e-001  1.0000000e+000  4.0835075e+000
  4.9549550e-001  1.0000000e+000  4.0569112e+000
  4.9849850e-001  1.0000000e+000  4.0268440e+000
  5.0150150e-001  1.0000000e+000  3.9934551e+000
  5.0450450e-001  1.0000000e+000  3.9569037e+000
  5.0750751e-001  1.0000000e+000  3.9173586e+000
  5.1051051e-001  1.0000000e+000  3.8749974e+000
  5.1351351e-001  1.0000000e+000  3.8300055e+000
  5.1651652e-001  1.0000000e+000  3.7825757e+000
  5.1951952e-001  1.0000000e+000  3.7329069e+000
  5.2252252e-001  1.0000000e+000  3.6812041e+000
  5.2552553e-001  1.0000000e+000  3.6276768e+000
  5.2852853e-001  1.0000000e+000  3.5725387e+000
  5.3153153e-001  1.0000000e+000  3.5160067e+000
  5.3453453e-001  1.0000000e+000  3.4583000e+000
  5.3753754e-001  1.0000000e+000  3.3996395e+000
  5.4054054e-001  1.0000000e+000  3.3402469e+000
  5.4354354e-001  1.0000000e+000  3.2803438e+000
  5.4654655e-001  1.0000000e+000  3.2201511e+000
  5.4954955e-001  1.0000000e+000  3.1598879e+000
  5.5255255e-001  1.0000000e+000  3.0997712e+000
  5.5555556e-001  1.0000000e+000  3.0400146e+000
  5.5855856e-001  1.0000000e+000  2.9808281e+000
  5.6156156e-001  1.0000000e+000  2.9224171e+000
  5.6456456e-001  1.0000000e+000  2.8649815e+000
  5.6756757e-001  1.0000000e+000  2.8087157e+000
  5.7057057e-001  1.0000000e+000  2.7538075e+000
  5.7357357e-001  1.0000000e+000  2.7004373e+000
  5.7657658e-001  1.0000000e+000  2.6487782e+000
  5.7957958e-001  1.0000000e+000  2.5989948e+000
  5.8258258e-001  1.0000000e+000  2.5512433e+000
  5.8558559e-001  1.0000000e+000  2.5056706e+000
  5.8858859e-001  1.0000000e+000  2.4624140e+000
  5.9159159e-001  1.0000000e+000  2.4216008e+000
  5.9459459e-001  1.0000000e+000  2.3833483e+000
  5.9759760e-001  1.0000000e+000  2.3477629e+000
  6.0060060e-001  1.0000000e+000  2.3149404e+000
  6.0360360e-001  1.0000000e+000  2.2849655e+000
  6.0660661e-001  1.0000000e+000  2.2579115e+000
  6.0960961e-001  1.0000000e+000  2.2338406e+000
  6.1261261e-001  1.0000000e+000  2.2128035e+000
  6.1561562e-001  1.0000000e+000  2.1948393e+000
  6.1861862e-001  1.0000000e+000  2.1799758e+000
  6.2162162e-001  1.0000000e+000  2.1682291e+000
  6.2462462e-001  1.0000000e+000  2.1596042e+000
  6.2762763e-001  1.0000000e+000  2.1540948e+000
  6.3063063e-001  1.0000000e+000  2.1516833e+000
  6.3363363e-001  1.0000000e+000  2.1523415e+000
  6.3663664e-001  1.0000000e+000  2.1560303e+000
  6.3963964e-001  1.0000000e+000  2.1627002e+000
  6.4264264e-001  1.0000000e+000  2.1722919e+000
  6.4564565e-001  1.0000000e+000  2.1847361e+000
  6.4864865e-001  1.0000000e+000  2.1999540e+000
  6.5165165e-001  1.0000000e+000  2.2178580e+000
  6.5465465e-001  1.0000000e+000  2.2383519e+000
  6.5765766e-001  1.0000000e+000  2.2613312e+000
  6.6066066e-001  1.0000000e+000  2.2866840e+000
  6.6366366e-001  1.0000000e+000  2.3142909e+000
  6.6666667e-001  1.0000000e+000  2.3440262e+000
  6.6966967e-001  1.0000000e+000  2.3757578e+000
  6.7267267e-001  1.0000000e+000  2.4093482e+000
  6.7567568e-001  1.0000000e+000  2.4446547e+000
  6.7867868e-001  1.0000000e+000  2.4815304e+000
  6.8168168e-001  1.0000000e+000  2.5198242e+000
  6.8468468e-001  1.0000000e+000  2.5593819e+000
  6.8768769e-001  1.0000000e+000  2.6000468e+000
  6.9069069e-001  1.0000000e+000  2.6416598e+000
  6.9369369e-001  1.0000000e+000  2.6840604e+000
  6.9669670e-001  1.0000000e+000  2.7270873e+000
  6.9969970e-001  1.0000000e+000  2.7705786e+000
  7.0270270e-001  1.0000000e+000  2.8143731e+000
  7.0570571e-001  1.0000000e+000  2.8583100e+000
  7.0870871e-001  1.0000000e+000  2.9022302e+000
  7.1171171e-001  1.0000000e+000  2.9459765e+000
  7.1471471e-001  1.0000000e+000  2.9893941e+000
  7.1771772e-001  1.0000000e+000  3.0323312e+000
  7.2072072e-001  1.0000000e+000  3.0746398e+000
  7.2372372e-001  1.0000000e+000  3.1161757e+000
  7.2672673e-001  1.0000000e+000  3.1567992e+000
  7.2972973e-001  1.0000000e+000  3.1963756e+000
  7.3273273e-001  1.0000000e+000  3.2347755e+000
  7.3573574e-001  1.0000000e+000  3.2718754e+000
  7.3873874e-001  1.0000000e+000  3.3075577e+000
  7.4174174e-001  1.0000000e+000  3.3417115e+000
  7.4474474e-001  1.0000000e+000  3.3742327e+000
  7.4774775e-001  1.0000000e+000  3.4050240e+000
  7.5075075e-001  1.0000000e+000  3.4339959e+000
  7.5375375e-001  1.0000000e+000  3.4610662e+000
  7.5675676e-001  1.0000000e+000  3.4861605e+000
  7.5975976e-001  1.0000000e+000  3.5092126e+000
  7.6276276e-001  1.0000000e+000  3.5301640e+000
  7.6576577e-001  1.0000000e+000  3.5489650e+000
  7.6876877e-001  1.0000000e+000  3.5655736e+000
  7.7177177e-001  1.0000000e+000  3.5799566e+000
  7.7477477e-001  1.0000000e+000  3.5920890e+000
  7.7777778e-001  1.0000000e+000  3.6019541e+000
  7.8078078e-001  1.0000000e+000  3.6095437e+000
  7.8378378e-001  1.0000000e+000  3.6148578e+000
  7.8678679e-001  1.0000000e+000  3.6179044e+000
  7.8978979e-001  1.0000000e+000  3.6186997e+000
  7.9279279e-001  1.0000000e+000  3.6172678e+000
  7.9579580e-001  1.0000000e+000  3.6136403e+000
  7.9879880e-001  1.0000000e+000  3.6078565e+000
  8.0180180e-001  1.0000000e+000  3.5999629e+000
  8.0480480e-001  1.0000000e+000  3.5900129e+000
  8.0780781e-001  1.0000000e+000  3.5780668e+000
  8.1081081e-001  1.0000000e+000  3.5641912e+000
  8.1381381e-001  1.0000000e+000  3.5484590e+000
  8.1681682e-001  1.0000000e+000  3.5309486e+000
  8.1981982e-001  1.0000000e+000  3.5117440e+000
  8.2282282e-001  1.0000000e+000  3.4909344e+000
  8.2582583e-001  1.0000000e+000  3.4686135e+000
  8.2882883e-001  1.0000000e+000  3.4448793e+000
  8.3183183e-001  1.0000000e+000  3.4198338e+000
  8.3483483e-001  1.0000000e+000  3.3935825e+000
  8.3783784e-001  1.0000000e+000  3.3662337e+000
  8.4084084e-001  1.0000000e+000  3.3378988e+000
  8.4384384e-001  1.0000000e+000  3.3086909e+000
  8.4684685e-001  1.0000000e+000  3.2787253e+000
  8.4984985e-001  1.0000000e+000  3.2481183e+000
  8.5285285e-001  1.0000000e+000  3.2169874e+000
  8.5585586e-001  1.0000000e+000  3.1854505e+000
  8.5885886e-001  1.0000000e+000  3.1536253e+000
  8.6186186e-001  1.0000000e+000  3.1216294e+000
  8.6486486e-001  1.0000000e+000  3.0895796e+000
  8.6786787e-001  1.0000000e+000  3.0575914e+000
  8.7087087e-001  1.0000000e+000  3.0257786e+000
  8.7387387e-001  1.0000000e+000  2.9942534e+000
  8.7687688e-001  1.0000000e+000  2.9631251e+000
  8.7987988e-001  1.0000000e+000  2.9325007e+000
  8.8288288e-001  1.0000000e+000  2.9024839e+000
  8.8588589e-001  1.0000000e+000  2.8731750e+000
  8.8888889e-001  1.0000000e+000  2.8446707e+000
  8.9189189e-001  1.0000000e+000  2.8170636e+000
  8.9489489e-001  1.0000000e+000  2.7904418e+000
  8.9789790e-001  1.0000000e+000  2.7648891e+000
  9.0090090e-001  1.0000000e+000  2.7404842e+000
  9.0390390e-001  1.0000000e+000  2.7173010e+000
  9.0690691e-001  1.0000000e+000  2.6954080e+000
  9.0990991e-001  1.0000000e+000  2.6748682e+000
  9.1291291e-001  1.0000000e+000  2.6557391e+000
  9.1591592e-001  1.0000000e+000  2.6380724e+000
  9.1891892e-001  1.0000000e+000  2.6219140e+000
  9.2192192e-001  1.0000000e+000  2.6073038e+000
  9.2492492e-001  1.0000000e+000  2.5942757e+000
  9.2792793e-001  1.0000000e+000  2.5828575e+000
  9.3093093e-001  1.0000000e+000  2.5730709e+000
  9.3393393e-001  1.0000000e+000  2.5649315e+000
  9.3693694e-001  1.0000000e+000  2.5584488e+000
  9.3993994e-001  1.0000000e+000  2.5536263e+000
  9.4294294e-001  1.0000000e+000  2.5504614e+000
  9.4594595e-001  1.0000000e+000  2.5489457e+000
  9.4894895e-001  1.0000000e+000  2.5490649e+000
  9.5195195e-001  1.0000000e+000  2.5507992e+000
  9.5495495e-001  1.0000000e+000  2.5541228e+000
  9.5795796e-001  1.0000000e+000  2.5590051e+000
  9.6096096e-001  1.0000000e+000  2.5654099e+000
  9.6396396e-001  1.0000000e+000  2.5732959e+000
  9.6696697e-001  1.0000000e+000  2.5826174e+000
  9.6996997e-001  1.0000000e+000  2.5933237e+000
  9.7297297e-001  1.0000000e+000  2.6053599e+000
  9.7597598e-001  1.0000000e+000  2.6186670e+000
  9.7897898e-001  1.0000000e+000  2.6331822e+000
  9.8198198e-001  1.0000000e+000  2.6488389e+000
  9.8498498e-001  1.0000000e+000  2.6655674e+000
  9.8798799e-001  1.0000000e+000  2.6832949e+000
  9.9099099e-001  1.0000000e+000  2.7019461e+000
  9.9399399e-001  1.0000000e+000  2.7214429e+000
  9.9699700e-001  1.0000000e+000  2.7417055e+000
  1.0000000e+000  1.0000000e+000  2.7626519e+000
  1.0030030e+000  1.0000000e+000  2.7841991e+000
  1.0060060e+000  1.0000000e+000  2.8062625e+000
  1.0090090e+000  1.0000000e+000  2.8287570e+000
  1.0120120e+000  1.0000000e+000  2.8515967e+000
  1.0150150e+000  1.0000000e+000  2.8746956e+000
  1.0180180e+000  1.0000000e+000  2.8979679e+000
  1.0210210e+000  1.0000000e+000  2.9213281e+000
  1.0240240e+000  1.0000000e+000  2.9446913e+000
  1.0270270e+000  1.0000000e+000  2.9679739e+000
  1.0300300e+000  1.0000000e+000  2.9910932e+000
  1.0330330e+000  1.0000000e+000  3.0139684e+000
  1.0360360e+000  1.0000000e+000  3.0365204e+000
  1.0390390e+000  1.0000000e+000  3.0586723e+000
  1.0420420e+000  1.0000000e+000  3.0803493e+000
  1.0450450e+000  1.0000000e+000  3.1014795e+000
  1.0480480e+000  1.0000000e+000  3.1219936e+000
  1.0510511e+000  1.0000000e+000  3.1418255e+000
  1.0540541e+000  1.0000000e+000  3.1609122e+000
  1.0570571e+000  1.0000000e+000  3.1791942e+000
  1.0600601e+000  1.0000000e+000  3.1966156e+000
  1.0630631e+000  1.0000000e+000  3.2131242e+000
  1.0660661e+000  1.0000000e+000  3.2286717e+000
  1.0690691e+000  1.0000000e+000  3.2432139e+000
  1.0720721e+000  1.0000000e+000  3.2567107e+000
  1.0750751e+000  1.0000000e+000  3.2691261e+000
  1.0780781e+000  1.0000000e+000  3.2804286e+000
  1.0810811e+000  1.0000000e+000  3.2905909e+000
  1.0840841e+000  1.0000000e+000  3.2995902e+000
  1.0870871e+000  1.0000000e+000  3.3074082e+000
  1.0900901e+000  1.0000000e+000  3.3140309e+000
  1.0930931e+000  1.0000000e+000  3.3194488e+000
  1.0960961e+000  1.0000000e+000  3.3236570e+000
  1.0990991e+000  1.0000000e+000  3.3266548e+000
  1.1021021e+000  1.0000000e+000  3.3284459e+000
  1.1051051e+000  1.0000000e+000  3.3290382e+000
  1.1081081e+000  1.0000000e+000  3.3284441e+000
  1.1111111e+000  1.0000000e+000  3.3266797e+000
  1.1141141e+000  1.0000000e+000  3.3237653e+000
  1.1171171e+000  1.0000000e+000  3.3197252e+000
  1.1201201e+000  1.0000000e+000  3.3145873e+000
  1.1231231e+000  1.0000000e+000  3.3083831e+000
  1.1261261e+000  1.0000000e+000  3.3011475e+000
  1.1291291e+000  1.0000000e+000  3.2929188e+000
  1.1321321e+000  1.0000000e+000  3.2837385e+000
  1.1351351e+000  1.0000000e+000  3.2736506e+000
  1.1381381e+000  1.0000000e+000  3.2627023e+000
  1.1411411e+000  1.0000000e+000  3.2509430e+000
  1.1441441e+000  1.0000000e+000  3.2384247e+000
  1.1471471e+000  1.0000000e+000  3.2252011e+000
  1.1501502e+000  1.0000000e+000  3.2113282e+000
  1.1531532e+000  1.0000000e+000  3.1968634e+000
  1.1561562e+000  1.0000000e+000  3.1818657e+000
  1.1591592e+000  1.0000000e+000  3.1663951e+000
  1.1621622e+000  1.0000000e+000  3.1505129e+000
  1.1651652e+000  1.0000000e+000  3.1342807e+000
  1.1681682e+000  1.0000000e+000  3.1177610e+000
  1.1711712e+000  1.0000000e+000  3.1010164e+000
  1.1741742e+000  1.0000000e+000  3.0841097e+000
  1.1771772e+000  1.0000000e+000  3.0671033e+000
  1.1801802e+000  1.0000000e+000  3.0500595e+000
  1.1831832e+000  1.0000000e+000  3.0330397e+000
  1.1861862e+000  1.0000000e+000  3.0161047e+000
  1.1891892e+000  1.0000000e+000  2.9993142e+000
  1.1921922e+000  1.0000000e+000  2.9827266e+000
  1.1951952e+000  1.0000000e+000  2.9663990e+000
  1.1981982e+000  1.0000000e+000  2.9503868e+000
  1.2012012e+000  1.0000000e+000  2.9347436e+000
  1.2042042e+000  1.0000000e+000  2.9195212e+000
  1.2072072e+000  1.0000000e+000  2.9047689e+000
  1.2102102e+000  1.0000000e+000  2.8905342e+000
  1.2132132e+000  1.0000000e+000  2.8768618e+000
  1.2162162e+000  1.0000000e+000  2.8637941e+000
  1.2192192e+000  1.0000000e+000  2.8513706e+000
  1.2222222e+000  1.0000000e+000  2.8396283e+000
  1.2252252e+000  1.0000000e+000  2.8286010e+000
  1.2282282e+000  1.0000000e+000  2.8183198e+000
  1.2312312e+000  1.0000000e+000  2.8088125e+000
  1.2342342e+000  1.0000000e+000  2.8001041e+000
  1.2372372e+000  1.0000000e+000  2.7922163e+000
  1.2402402e+000  1.0000000e+000  2.7851674e+000
  1.2432432e+000  1.0000000e+000  2.7789728e+000
  1.2462462e+000  1.0000000e+000  2.7736444e+000
  1.2492492e+000  1.0000000e+000  2.7691910e+000
  1.2522523e+000  1.0000000e+000  2.7656181e+000
  1.2552553e+000  1.0000000e+000  2.7629281e+000
  1.2582583e+000  1.0000000e+000  2.7611200e+000
  1.2612613e+000  1.0000000e+000  2.7601897e+000
  1.2642643e+000  1.0000000e+000  2.7601302e+000
  1.2672673e+000  1.0000000e+000  2.7609312e+000
  1.2702703e+000  1.0000000e+000  2.7625796e+000
  1.2732733e+000  1.0000000e+000  2.7650593e+000
  1.2762763e+000  1.0000000e+000  2.7683516e+000
  1.2792793e+000  1.0000000e+000  2.7724350e+000
  1.2822823e+000  1.0000000e+000  2.7772853e+000
  1.2852853e+000  1.0000000e+000  2.7828760e+000
  1.2882883e+000  1.0000000e+000  2.7891783e+000
  1.2912913e+000  1.0000000e+000  2.7961610e+000
  1.2942943e+000  1.0000000e+000  2.8037910e+000
  1.2972973e+000  1.0000000e+000  2.8120333e+000
  1.3003003e+000  1.0000000e+000  2.8208509e+000
  1.3033033e+000  1.0000000e+000  2.8302054e+000
  1.3063063e+000  1.0000000e+000  2.8400568e+000
  1.3093093e+000  1.0000000e+000  2.8503639e+000
  1.3123123e+000  1.0000000e+000  2.8610844e+000
  1.3153153e+000  1.0000000e+000  2.8721748e+000
  1.3183183e+000  1.0000000e+000  2.8835909e+000
  1.3213213e+000  1.0000000e+000  2.8952881e+000
  1.3243243e+000  1.0000000e+000  2.9072209e+000
  1.3273273e+000  1.0000000e+000  2.9193438e+000
  1.3303303e+000  1.0000000e+000  2.9316110e+000
  1.3333333e+000  1.0000000e+000  2.9439770e+000
  1.3363363e+000  1.0000000e+000  2.9563961e+000
  1.3393393e+000  1.0000000e+000  2.9688232e+000
  1.3423423e+000  1.0000000e+000  2.9812137e+000
  1.3453453e+000  1.0000000e+000  2.9935236e+000
  1.3483483e+000  1.0000000e+000  3.0057097e+000
  1.3513514e+000  1.0000000e+000  3.0177298e+000
  1.3543544e+000  1.0000000e+000  3.0295429e+000
  1.3573574e+000  1.0000000e+000  3.0411090e+000
  1.3603604e+000  1.0000000e+000  3.0523897e+000
  1.3633634e+000  1.0000000e+000  3.0633479e+000
  1.3663664e+000  1.0000000e+000  3.0739482e+000
  1.3693694e+000  1.0000000e+000  3.0841568e+000
  1.3723724e+000  1.0000000e+000  3.0939418e+000
  1.3753754e+000  1.0000000e+000  3.1032733e+000
  1.3783784e+000  1.0000000e+000  3.1121232e+000
  1.3813814e+000  1.0000000e+000  3.1204655e+000
  1.3843844e+000  1.0000000e+000  3.1282764e+000
  1.3873874e+000  1.0000000e+000  3.1355342e+000
  1.3903904e+000  1.0000000e+000  3.1422195e+000
  1.3933934e+000  1.0000000e+000  3.1483152e+000
  1.3963964e+000  1.0000000e+000  3.1538065e+000
  1.3993994e+000  1.0000000e+000  3.1586809e+000
  1.4024024e+000  1.0000000e+000  3.1629282e+000
  1.4054054e+000  1.0000000e+000  3.1665409e+000
  1.4084084e+000  1.0000000e+000  3.1695134e+000
  1.4114114e+000  1.0000000e+000  3.1718428e+000
  1.4144144e+000  1.0000000e+000  3.1735284e+000
  1.4174174e+000  1.0000000e+000  3.1745719e+000
  1.4204204e+000  1.0000000e+000  3.1749771e+000
  1.4234234e+000  1.0000000e+000  3.1747503e+000
  1.4264264e+000  1.0000000e+000  3.1738998e+000
  1.4294294e+000  1.0000000e+000  3.1724361e+000
  1.4324324e+000  1.0000000e+000  3.1703717e+000
  1.4354354e+000  1.0000000e+000  3.1677213e+000
  1.4384384e+000  1.0000000e+000  3.1645014e+000
  1.4414414e+000  1.0000000e+000  3.1607302e+000
  1.4444444e+000  1.0000000e+000  3.1564279e+000
  1.4474474e+000  1.0000000e+000  3.1516163e+000
  1.4504505e+000  1.0000000e+000  3.1463186e+000
  1.4534535e+000  1.0000000e+000  3.1405597e+000
  1.4564565e+000  1.0000000e+000  3.1343657e+000
  1.4594595e+000  1.0000000e+000  3.1277640e+000
  1.4624625e+000  1.0000000e+000  3.1207832e+000
  1.4654655e+000  1.0000000e+000  3.1134528e+000
  1.4684685e+000  1.0000000e+000  3.1058032e+000
  1.4714715e+000  1.0000000e+000  3.0978657e+000
  1.4744745e+000  1.0000000e+000  3.0896722e+000
  1.4774775e+000  1.0000000e+000  3.0812551e+000
  1.4804805e+000  1.0000000e+000  3.0726472e+000
  1.4834835e+000  1.0000000e+000  3.0638817e+000
  1.4864865e+000  1.0000000e+000  3.0549918e+000
  1.4894895e+000  1.0000000e+000  3.0460110e+000
  1.4924925e+000  1.0000000e+000  3.0369725e+000
  1.4954955e+000  1.0000000e+000  3.0279094e+000
  1.4984985e+000  1.0000000e+000  3.0188544e+000
  1.5015015e+000  1.0000000e+000  3.0098400e+000
  1.5045045e+000  1.0000000e+000  3.0008980e+000
  1.5075075e+000  1.0000000e+000  2.9920595e+000
  1.5105105e+000  1.0000000e+000  2.9833549e+000
  1.5135135e+000  1.0000000e+000  2.9748140e+000
  1.5165165e+000  1.0000000e+000  2.9664654e+000
  1.5195195e+000  1.0000000e+000  2.9583366e+000
  1.5225225e+000  1.0000000e+000  2.9504543e+000
  1.5255255e+000  1.0000000e+000  2.9428436e+000
  1.5285285e+000  1.0000000e+000  2.9355287e+000
  1.5315315e+000  1.0000000e+000  2.9285323e+000
  1.5345345e+000  1.0000000e+000  2.9218756e+000
  1.5375375e+000  1.0000000e+000  2.9155784e+000
  1.5405405e+000  1.0000000e+000  2.9096590e+000
  1.5435435e+000  1.0000000e+000  2.9041341e+000
  1.5465465e+000  1.0000000e+000  2.8990188e+000
  1.5495495e+000  1.0000000e+000  2.8943265e+000
  1.5525526e+000  1.0000000e+000  2.8900691e+000
  1.5555556e+000  1.0000000e+000  2.8862566e+000
  1.5585586e+000  1.0000000e+000  2.8828973e+000
  1.5615616e+000  1.0000000e+000  2.8799979e+000
  1.5645646e+000  1.0000000e+000  2.8775633e+000
  1.5675676e+000  1.0000000e+000  2.8755966e+000
  1.5705706e+000  1.0000000e+000  2.8740993e+000
  1.5735736e+000  1.0000000e+000  2.8730712e+000
  1.5765766e+000  1.0000000e+000  2.8725103e+000
  1.5795796e+000  1.0000000e+000  2.8724132e+000
  1.5825826e+000  1.0000000e+000  2.8727745e+000
  1.5855856e+000  1.0000000e+000  2.8735876e+000
  1.5885886e+000  1.0000000e+000  2.8748441e+000
  1.5915916e+000  1.0000000e+000  2.8765343e+000
  1.5945946e+000  1.0000000e+000  2.8786468e+000
  1.5975976e+000  1.0000000e+000  2.8811691e+000
  1.6006006e+000  1.0000000e+000  2.8840872e+000
  1.6036036e+000  1.0000000e+000  2.8873860e+000
  1.6066066e+000  1.0000000e+000  2.8910491e+000
  1.6096096e+000  1.0000000e+000  2.8950589e+000
  1.6126126e+000  1.0000000e+000  2.8993971e+000
  1.6156156e+000  1.0000000e+000  2.9040441e+000
  1.6186186e+000  1.0000000e+000  2.9089795e+000
  1.6216216e+000  1.0000000e+000  2.9141823e+000
  1.6246246e+000  1.0000000e+000  2.9196306e+000
  1.6276276e+000  1.0000000e+000  2.9253019e+000
  1.6306306e+000  1.0000000e+000  2.9311733e+000
  1.6336336e+000  1.0000000e+000  2.9372212e+000
  1.6366366e+000  1.0000000e+000  2.9434220e+000
  1.6396396e+000  1.0000000e+000  2.9497516e+000
  1.6426426e+000  1.0000000e+000  2.9561857e+000
  1.6456456e+000  1.0000000e+000  2.9627000e+000
  1.6486486e+000  1.0000000e+000  2.9692703e+000
  1.6516517e+000  1.0000000e+000  2.9758722e+000
  1.6546547e+000  1.0000000e+000  2.9824819e+000
  1.6576577e+000  1.0000000e+000  2.9890754e+000
  1.6606607e+000  1.0000000e+000  2.9956293e+000
  1.6636637e+000  1.0000000e+000  3.0021206e+000
  1.6666667e+000  1.0000000e+000  3.0085268e+000
  1.6696697e+000  1.0000000e+000  3.0148260e+000
  1.6726727e+000  1.0000000e+000  3.0209968e+000
  1.6756757e+000  1.0000000e+000  3.0270187e+000
  1.6786787e+000  1.0000000e+000  3.0328718e+000
  1.6816817e+000  1.0000000e+000  3.0385372e+000
  1.6846847e+000  1.0000000e+000  3.0439968e+000
  1.6876877e+000  1.0000000e+000  3.0492335e+000
  1.6906907e+000  1.0000000e+000  3.0542312e+000
  1.6936937e+000  1.0000000e+000  3.0589749e+000
  1.6966967e+000  1.0000000e+000  3.0634505e+000
  1.6996997e+000  1.0000000e+000  3.0676452e+000
  1.7027027e+000  1.0000000e+000  3.0715474e+000
  1.7057057e+000  1.0000000e+000  3.0751465e+000
  1.7087087e+000  1.0000000e+000  3.0784332e+000
  1.7117117e+000  1.0000000e+000  3.0813996e+000
  1.7147147e+000  1.0000000e+000  3.0840388e+000
  1.7177177e+000  1.0000000e+000  3.0863452e+000
  1.7207207e+000  1.0000000e+000  3.0883145e+000
  1.7237237e+000  1.0000000e+000  3.0899438e+000
  1.7267267e+000  1.0000000e+000  3.0912312e+000
  1.7297297e+000  1.0000000e+000  3.0921763e+000
  1.7327327e+000  1.0000000e+000  3.0927796e+000
  1.7357357e+000  1.0000000e+000  3.0930431e+000
  1.7387387e+000  1.0000000e+000  3.0929700e+000
  1.7417417e+000  1.0000000e+000  3.0925645e+000
  1.7447447e+000  1.0000000e+000  3.0918321e+000
  1.7477477e+000  1.0000000e+000  3.0907792e+000
  1.7507508e+000  1.0000000e+000  3.0894135e+000
  1.7537538e+000  1.0000000e+000  3.0877435e+000
  1.7567568e+000  1.0000000e+000  3.0857790e+000
  1.7597598e+000  1.0000000e+000  3.0835305e+000
  1.7627628e+000  1.0000000e+000  3.0810094e+000
  1.7657658e+000  1.0000000e+000  3.0782280e+000
  1.7687688e+000  1.0000000e+000  3.0751995e+000
  1.7717718e+000  1.0000000e+000  3.0719375e+000
  1.7747748e+000  1.0000000e+000  3.0684566e+000
  1.7777778e+000  1.0000000e+000  3.0647719e+000
  1.7807808e+000  1.0000000e+000  3.0608990e+000
  1.7837838e+000  1.0000000e+000  3.0568540e+000
  1.7867868e+000  1.0000000e+000  3.0526536e+000
  1.7897898e+000  1.0000000e+000  3.0483145e+000
  1.7927928e+000  1.0000000e+000  3.0438541e+000
  1.7957958e+000  1.0000000e+000  3.0392898e+000
  1.7987988e+000  1.0000000e+000  3.0346391e+000
  1.8018018e+000  1.0000000e+000  3.0299198e+000
  1.8048048e+000  1.0000000e+000  3.0251495e+000
  1.8078078e+000  1.0000000e+000  3.0203461e+000
  1.8108108e+000  1.0000000e+000  3.0155271e+000
  1.8138138e+000  1.0000000e+000  3.0107100e+000
  1.8168168e+000  1.0000000e+000  3.0059120e+000
  1.8198198e+000  1.0000000e+000  3.0011501e+000
  1.8228228e+000  1.0000000e+000  2.9964410e+000
  1.8258258e+000  1.0000000e+000  2.9918008e+000
  1.8288288e+000  1.0000000e+000  2.9872454e+000
  1.8318318e+000  1.0000000e+000  2.9827902e+000
  1.8348348e+000  1.0000000e+000  2.9784498e+000
  1.8378378e+000  1.0000000e+000  2.9742385e+000
  1.8408408e+000  1.0000000e+000  2.9701698e+000
  1.8438438e+000  1.0000000e+000  2.9662566e+000
  1.8468468e+000  1.0000000e+000  2.9625112e+000
  1.8498498e+000  1.0000000e+000  2.9589448e+000
  1.8528529e+000  1.0000000e+000  2.9555681e+000
  1.8558559e+000  1.0000000e+000  2.9523911e+000
  1.8588589e+000  1.0000000e+000  2.9494226e+000
  1.8618619e+000  1.0000000e+000  2.9466709e+000
  1.8648649e+000  1.0000000e+000  2.9441432e+000
  1.8678679e+000  1.0000000e+000  2.9418459e+000
  1.8708709e+000  1.0000000e+000  2.9397845e+000
  1.8738739e+000  1.0000000e+000  2.9379635e+000
  1.8768769e+000  1.0000000e+000  2.9363867e+000
  1.8798799e+000  1.0000000e+000  2.9350567e+000
  1.8828829e+000  1.0000000e+000  2.9339754e+000
  1.8858859e+000  1.0000000e+000  2.9331436e+000
  1.8888889e+000  1.0000000e+000  2.9325615e+000
  1.8918919e+000  1.0000000e+000  2.9322280e+000
  1.8948949e+000  1.0000000e+000  2.9321415e+000
  1.8978979e+000  1.0000000e+000  2.9322992e+000
  1.9009009e+000  1.0000000e+000  2.9326977e+000
  1.9039039e+000  1.0000000e+000  2.9333327e+000
  1.9069069e+000  1.0000000e+000  2.9341991e+000
  1.9099099e+000  1.0000000e+000  2.9352911e+000
  1.9129129e+000  1.0000000e+000  2.9366019e+000
  1.9159159e+000  1.0000000e+000  2.9381243e+000
  1.9189189e+000  1.0000000e+000  2.9398504e+000
  1.9219219e+000  1.0000000e+000  2.9417714e+000
  1.9249249e+000  1.0000000e+000  2.9438783e+000
  1.9279279e+000  1.0000000e+000  2.9461612e+000
  1.9309309e+000  1.0000000e+000  2.9486097e+000
  1.9339339e+000  1.0000000e+000  2.9512133e+000
  1.9369369e+000  1.0000000e+000  2.9539607e+000
  1.9399399e+000  1.0000000e+000  2.9568402e+000
  1.9429429e+000  1.0000000e+000  2.9598402e+000
  1.9459459e+000  1.0000000e+000  2.9629482e+000
  1.9489489e+000  1.0000000e+000  2.9661519e+000
  1.9519520e+000  1.0000000e+000  2.9694388e+000
  1.9549550e+000  1.0000000e+000  2.9727959e+000
  1.9579580e+000  1.0000000e+000  2.9762105e+000
  1.9609610e+000  1.0000000e+000  2.9796695e+000
  1.9639640e+000  1.0000000e+000  2.9831602e+000
  1.9669670e+000  1.0000000e+000  2.9866695e+000
  1.9699700e+000  1.0000000e+000  2.9901847e+000
  1.9729730e+000  1.0000000e+000  2.9936931e+000
  1.9759760e+000  1.0000000e+000  2.9971822e+000
  1.9789790e+000  1.0000000e+000  3.0006398e+000
  1.9819820e+000  1.0000000e+000  3.0040538e+000
  1.9849850e+000  1.0000000e+000  3.0074125e+000
  1.9879880e+000  1.0000000e+000  3.0107045e+000
  1.9909910e+000  1.0000000e+000  3.0139189e+000
  1.9939940e+000  1.0000000e+000  3.0170449e+000
  1.9969970e+000  1.0000000e+000  3.0200726e+000
  2.0000000e+000  1.0000000e+000  3.0229921e+000
  2.0030030e+000  1.0000000e+000  3.0257944e+000
  2.0060060e+000  1.0000000e+000  3.0284708e+000
  2.0090090e+000  1.0000000e+000  3.0310131e+000
  2.0120120e+000  1.0000000e+000  3.0334139e+000
  2.0150150e+000  1.0000000e+000  3.0356663e+000
  2.0180180e+000  1.0000000e+000  3.0377639e+000
  2.0210210e+000  1.0000000e+000  3.0397011e+000
  2.0240240e+000  1.0000000e+000  3.0414729e+000
  2.0270270e+000  1.0000000e+000  3.0430749e+000
  2.0300300e+000  1.0000000e+000  3.0445033e+000
  2.0330330e+000  1.0000000e+000  3.0457552e+000
  2.0360360e+000  1.0000000e+000  3.0468281e+000
  2.0390390e+000  1.0000000e+000  3.0477203e+000
  2.0420420e+000  1.0000000e+000  3.0484308e+000
  2.0450450e+000  1.0000000e+000  3.0489592e+000
  2.0480480e+000  1.0000000e+000  3.0493058e+000
  2.0510511e+000  1.0000000e+000  3.0494716e+000
  2.0540541e+000  1.0000000e+000  3.0494580e+000
  2.0570571e+000  1.0000000e+000  3.0492673e+000
  2.0600601e+000  1.0000000e+000  3.0489023e+000
  2.0630631e+000  1.0000000e+000  3.0483663e+000
  2.0660661e+000  1.0000000e+000  3.0476634e+000
  2.0690691e+000  1.0000000e+000  3.0467980e+000
  2.0720721e+000  1.0000000e+000  3.0457752e+000
  2.0750751e+000  1.0000000e+000  3.0446006e+000
  2.0780781e+000  1.0000000e+000  3.0432800e+000
  2.0810811e+000  1.0000000e+000  3.0418201e+000
  2.0840841e+000  1.0000000e+000  3.0402278e+000
  2.0870871e+000  1.0000000e+000  3.0385102e+000
  2.0900901e+000  1.0000000e+000  3.0366751e+000
  2.0930931e+000  1.0000000e+000  3.0347305e+000
  2.0960961e+000  1.0000000e+000  3.0326846e+000
  2.0990991e+000  1.0000000e+000  3.0305459e+000
  2.1021021e+000  1.0000000e+000  3.0283233e+000
  2.1051051e+000  1.0000000e+000  3.0260257e+000
  2.1081081e+000  1.0000000e+000  3.0236623e+000
  2.1111111e+000  1.0000000e+000  3.0212422e+000
  2.1141141e+000  1.0000000e+000  3.0187750e+000
  2.1171171e+000  1.0000000e+000  3.0162698e+000
  2.1201201e+000  1.0000000e+000  3.0137363e+000
  2.1231231e+000  1.0000000e+000  3.0111837e+000
  2.1261261e+000  1.0000000e+000  3.0086216e+000
  2.1291291e+000  1.0000000e+000  3.0060591e+000
  2.1321321e+000  1.0000000e+000  3.0035056e+000
  2.1351351e+000  1.0000000e+000  3.0009699e+000
  2.1381381e+000  1.0000000e+000  2.9984611e+000
  2.1411411e+000  1.0000000e+000  2.9959877e+000
  2.1441441e+000  1.0000000e+000  2.9935582e+000
  2.1471471e+000  1.0000000e+000  2.9911808e+000
  2.1501502e+000  1.0000000e+000  2.9888635e+000
  2.1531532e+000  1.0000000e+000  2.9866137e+000
  2.1561562e+000  1.0000000e+000  2.9844388e+000
  2.1591592e+000  1.0000000e+000  2.9823456e+000
  2.1621622e+000  1.0000000e+000  2.9803407e+000
  2.1651652e+000  1.0000000e+000  2.9784302e+000
  2.1681682e+000  1.0000000e+000  2.9766198e+000
  2.1711712e+000  1.0000000e+000  2.9749149e+000
  2.1741742e+000  1.0000000e+000  2.9733202e+000
  2.1771772e+000  1.0000000e+000  2.9718402e+000
  2.1801802e+000  1.0000000e+000  2.9704788e+000
  2.1831832e+000  1.0000000e+000  2.9692395e+000
  2.1861862e+000  1.0000000e+000  2.9681253e+000
  2.1891892e+000  1.0000000e+000  2.9671386e+000
  2.1921922e+000  1.0000000e+000  2.9662815e+000
  2.1951952e+000  1.0000000e+000  2.9655555e+000
  2.1981982e+000  1.0000000e+000  2.9649616e+000
  2.2012012e+000  1.0000000e+000  2.9645004e+000
  2.2042042e+000  1.0000000e+000  2.9641720e+000
  2.2072072e+000  1.0000000e+000  2.9639759e+000
  2.2102102e+000  1.0000000e+000  2.9639113e+000
  2.2132132e+000  1.0000000e+000  2.9639768e+000
  2.2162162e+000  1.0000000e+000  2.9641707e+000
  2.2192192e+000  1.0000000e+000  2.9644907e+000
  2.2222222e+000  1.0000000e+000  2.9649341e+000
  2.2252252e+000  1.0000000e+000  2.9654980e+000
  2.2282282e+000  1.0000000e+000  2.9661788e+000
  2.2312312e+000  1.0000000e+000  2.9669727e+000
  2.2342342e+000  1.0000000e+000  2.9678755e+000
  2.2372372e+000  1.0000000e+000  2.9688827e+000
  2.2402402e+000  1.0000000e+000  2.9699894e+000
  2.2432432e+000  1.0000000e+000  2.9711904e+000
  2.2462462e+000  1.0000000e+000  2.9724804e+000
  2.2492492e+000  1.0000000e+000  2.9738536e+000
  2.2522523e+000  1.0000000e+000  2.9753042e+000
  2.2552553e+000  1.0000000e+000  2.9768259e+000
  2.2582583e+000  1.0000000e+000  2.9784126e+000
  2.2612613e+000  1.0000000e+000  2.9800577e+000
  2.2642643e+000  1.0000000e+000  2.9817546e+000
  2.2672673e+000  1.0000000e+000  2.9834967e+000
  2.2702703e+000  1.0000000e+000  2.9852771e+000
  2.2732733e+000  1.0000000e+000  2.9870891e+000
  2.2762763e+000  1.0000000e+000  2.9889257e+000
  2.2792793e+000  1.0000000e+000  2.9907801e+000
  2.2822823e+000  1.0000000e+000  2.9926453e+000
  2.2852853e+000  1.0000000e+000  2.9945147e+000
  2.2882883e+000  1.0000000e+000  2.9963814e+000
  2.2912913e+000  1.0000000e+000  2.9982388e+000
  2.2942943e+000  1.0000000e+000  3.0000803e+000
  2.2972973e+000  1.0000000e+000  3.0018995e+000
  2.3003003e+000  1.0000000e+000  3.0036902e+000
  2.3033033e+000  1.0000000e+000  3.0054464e+000
  2.3063063e+000  1.0000000e+000  3.0071620e+000
  2.3093093e+000  1.0000000e+000  3.0088314e+000
  2.3123123e+000  1.0000000e+000  3.0104493e+000
  2.3153153e+000  1.0000000e+000  3.0120104e+000
  2.3183183e+000  1.0000000e+000  3.0135098e+000
  2.3213213e+000  1.0000000e+000  3.0149429e+000
  2.3243243e+000  1.0000000e+000  3.0163053e+000
  2.3273273e+000  1.0000000e+000  3.0175929e+000
  2.3303303e+000  1.0000000e+000  3.0188022e+000
  2.3333333e+000  1.0000000e+000  3.0199296e+000
  2.3363363e+000  1.0000000e+000  3.0209721e+000
  2.3393393e+000  1.0000000e+000  3.0219270e+000
  2.3423423e+000  1.0000000e+000  3.0227919e+000
  2.3453453e+000  1.0000000e+000  3.0235647e+000
  2.3483483e+000  1.0000000e+000  3.0242439e+000
  2.3513514e+000  1.0000000e+000  3.0248280e+000
  2.3543544e+000  1.0000000e+000  3.0253162e+000
  2.3573574e+000  1.0000000e+000  3.0257078e+000
  2.3603604e+000  1.0000000e+000  3.0260026e+000
  2.3633634e+000  1.0000000e+000  3.0262006e+000
  2.3663664e+000  1.0000000e+000  3.0263024e+000
  2.3693694e+000  1.0000000e+000  3.0263087e+000
  2.3723724e+000  1.0000000e+000  3.0262206e+000
  2.3753754e+000  1.0000000e+000  3.0260395e+000
  2.3783784e+000  1.0000000e+000  3.0257673e+000
  2.3813814e+000  1.0000000e+000  3.0254059e+000
  2.3843844e+000  1.0000000e+000  3.0249578e+000
  2.3873874e+000  1.0000000e+000  3.0244256e+000
  2.3903904e+000  1.0000000e+000  3.0238122e+000
  2.3933934e+000  1.0000000e+000  3.0231208e+000
  2.3963964e+000  1.0000000e+000  3.0223547e+000
  2.3993994e+000  1.0000000e+000  3.0215177e+000
  2.4024024e+000  1.0000000e+000  3.0206135e+000
  2.4054054e+000  1.0000000e+000  3.0196462e+000
  2.4084084e+000  1.0000000e+000  3.0186201e+000
  2.4114114e+000  1.0000000e+000  3.0175394e+000
  2.4144144e+000  1.0000000e+000  3.0164088e+000
  2.4174174e+000  1.0000000e+000  3.0152329e+000
  2.4204204e+000  1.0000000e+000  3.0140164e+000
  2.4234234e+000  1.0000000e+000  3.0127642e+000
  2.4264264e+000  1.0000000e+000  3.0114812e+000
  2.4294294e+000  1.0000000e+000  3.0101723e+000
  2.4324324e+000  1.0000000e+000  3.0088426e+000
  2.4354354e+000  1.0000000e+000  3.0074971e+000
  2.4384384e+000  1.0000000e+000  3.0061408e+000
  2.4414414e+000  1.0000000e+000  3.0047787e+000
  2.4444444e+000  1.0000000e+000  3.0034157e+000
  2.4474474e+000  1.0000000e+000  3.0020567e+000
  2.4504505e+000  1.0000000e+000  3.0007066e+000
  2.4534535e+000  1.0000000e+000  2.9993701e+000
  2.4564565e+000  1.0000000e+000  2.9980518e+000
  2.4594595e+000  1.0000000e+000  2.9967562e+000
  2.4624625e+000  1.0000000e+000  2.9954877e+000
  2.4654655e+000  1.0000000e+000  2.9942506e+000
  2.4684685e+000  1.0000000e+000  2.9930488e+000
  2.4714715e+000  1.0000000e+000  2.9918863e+000
  2.4744745e+000  1.0000000e+000  2.9907667e+000
  2.4774775e+000  1.0000000e+000  2.9896936e+000
  2.4804805e+000  1.0000000e+000  2.9886703e+000
  2.4834835e+000  1.0000000e+000  2.9876998e+000
  2.4864865e+000  1.0000000e+000  2.9867850e+000
  2.4894895e+000  1.0000000e+000  2.9859284e+000
  2.4924925e+000  1.0000000e+000  2.9851326e+000
  2.4954955e+000  1.0000000e+000  2.9843995e+000
  2.4984985e+000  1.0000000e+000  2.9837311e+000
  2.5015015e+000  1.0000000e+000  2.9831290e+000
  2.5045045e+000  1.0000000e+000  2.9825946e+000
  2.5075075e+000  1.0000000e+000  2.9821289e+000
  2.5105105e+000  1.0000000e+000  2.9817329e+000
  2.5135135e+000  1.0000000e+000  2.9814071e+000
  2.5165165e+000  1.0000000e+000  2.9811518e+000
  2.5195195e+000  1.0000000e+000  2.9809671e+000
  2.5225225e+000  1.0000000e+000  2.9808528e+000
  2.5255255e+000  1.0000000e+000  2.9808086e+000
  2.5285285e+000  1.0000000e+000  2.9808337e+000
  2.5315315e+000  1.0000000e+000  2.9809271e+000
  2.5345345e+000  1.0000000e+000  2.9810879e+000
  2.5375375e+000  1.0000000e+000  2.9813144e+000
  2.5405405e+000  1.0000000e+000  2.9816053e+000
  2.5435435e+000  1.0000000e+000  2.9819586e+000
  2.5465465e+000  1.0000000e+000  2.9823724e+000
  2.5495495e+000  1.0000000e+000  2.9828445e+000
  2.5525526e+000  1.0000000e+000  2.9833724e+000
  2.5555556e+000  1.0000000e+000  2.9839535e+000
  2.5585586e+000  1.0000000e+000  2.9845853e+000
  2.5615616e+000  1.0000000e+000  2.9852648e+000
  2.5645646e+000  1.0000000e+000  2.9859890e+000
  2.5675676e+000  1.0000000e+000  2.9867547e+000
  2.5705706e+000  1.0000000e+000  2.9875588e+000
  2.5735736e+000  1.0000000e+000  2.9883979e+000
  2.5765766e+000  1.0000000e+000  2.9892686e+000
  2.5795796e+000  1.0000000e+000  2.9901673e+000
  2.5825826e+000  1.0000000e+000  2.9910906e+000
  2.5855856e+000  1.0000000e+000  2.9920347e+000
  2.5885886e+000  1.0000000e+000  2.9929962e+000
  2.5915916e+000  1.0000000e+000  2.9939712e+000
  2.5945946e+000  1.0000000e+000  2.9949563e+000
  2.5975976e+000  1.0000000e+000  2.9959476e+000
  2.6006006e+000  1.0000000e+000  2.9969417e+000
  2.6036036e+000  1.0000000e+000  2.9979348e+000
  2.6066066e+000  1.0000000e+000  2.9989235e+000
  2.6096096e+000  1.0000000e+000  2.9999042e+000
  2.6126126e+000  1.0000000e+000  3.0008736e+000
  2.6156156e+000  1.0000000e+000  3.0018282e+000
  2.6186186e+000  1.0000000e+000  3.0027649e+000
  2.6216216e+000  1.0000000e+000  3.0036806e+000
  2.6246246e+000  1.0000000e+000  3.0045720e+000
  2.6276276e+000  1.0000000e+000  3.0054365e+000
  2.6306306e+000  1.0000000e+000  3.0062711e+000
  2.6336336e+000  1.0000000e+000  3.0070733e+000
  2.6366366e+000  1.0000000e+000  3.0078406e+000
  2.6396396e+000  1.0000000e+000  3.0085706e+000
  2.6426426e+000  1.0000000e+000  3.0092612e+000
  2.6456456e+000  1.0000000e+000  3.0099103e+000
  2.6486486e+000  1.0000000e+000  3.0105161e+000
  2.6516517e+000  1.0000000e+000  3.0110770e+000
  2.6546547e+000  1.0000000e+000  3.0115916e+000
  2.6576577e+000  1.0000000e+000  3.0120584e+000
  2.6606607e+000  1.0000000e+000  3.0124764e+000
  2.6636637e+000  1.0000000e+000  3.0128447e+000
  2.6666667e+000  1.0000000e+000  3.0131626e+000
  2.6696697e+000  1.0000000e+000  3.0134295e+000
  2.6726727e+000  1.0000000e+000  3.0136450e+000
  2.6756757e+000  1.0000000e+000  3.0138091e+000
  2.6786787e+000  1.0000000e+000  3.0139217e+000
  2.6816817e+000  1.0000000e+000  3.0139831e+000
  2.6846847e+000  1.0000000e+000  3.0139936e+000
  2.6876877e+000  1.0000000e+000  3.0139538e+000
  2.6906907e+000  1.0000000e+000  3.0138645e+000
  2.6936937e+000  1.0000000e+000  3.0137266e+000
  2.6966967e+000  1.0000000e+000  3.0135411e+000
  2.6996997e+000  1.0000000e+000  3.0133092e+000
  2.7027027e+000  1.0000000e+000  3.0130325e+000
  2.7057057e+000  1.0000000e+000  3.0127123e+000
  2.7087087e+000  1.0000000e+000  3.0123504e+000
  2.7117117e+000  1.0000000e+000  3.0119485e+000
  2.7147147e+000  1.0000000e+000  3.0115086e+000
  2.7177177e+000  1.0000000e+000  3.0110327e+000
  2.7207207e+000  1.0000000e+000  3.0105229e+000
  2.7237237e+000  1.0000000e+000  3.0099815e+000
  2.7267267e+000  1.0000000e+000  3.0094108e+000
  2.7297297e+000  1.0000000e+000  3.0088132e+000
  2.7327327e+000  1.0000000e+000  3.0081911e+000
  2.7357357e+000  1.0000000e+000  3.0075471e+000
  2.7387387e+000  1.0000000e+000  3.0068837e+000
  2.7417417e+000  1.0000000e+000  3.0062035e+000
  2.7447447e+000  1.0000000e+000  3.0055093e+000
  2.7477477e+000  1.0000000e+000  3.0048036e+000
  2.7507508e+000  1.0000000e+000  3.0040891e+000
  2.7537538e+000  1.0000000e+000  3.0033684e+000
  2.7567568e+000  1.0000000e+000  3.0026443e+000
  2.7597598e+000  1.0000000e+000  3.0019194e+000
  2.7627628e+000  1.0000000e+000  3.0011962e+000
  2.7657658e+000  1.0000000e+000  3.0004774e+000
  2.7687688e+000  1.0000000e+000  2.9997655e+000
  2.7717718e+000  1.0000000e+000  2.9990629e+000
  2.7747748e+000  1.0000000e+000  2.9983720e+000
  2.7777778e+000  1.0000000e+000  2.9976952e+000
  2.7807808e+000  1.0000000e+000  2.9970348e+000
  2.7837838e+000  1.0000000e+000  2.9963929e+000
  2.7867868e+000  1.0000000e+000  2.9957716e+000
  2.7897898e+000  1.0000000e+000  2.9951728e+000
  2.7927928e+000  1.0000000e+000  2.9945985e+000
  2.7957958e+000  1.0000000e+000  2.9940505e+000
  2.7987988e+000  1.0000000e+000  2.9935303e+000
  2.8018018e+000  1.0000000e+000  2.9930395e+000
  2.8048048e+000  1.0000000e+000  2.9925795e+000
  2.8078078e+000  1.0000000e+000  2.9921516e+000
  2.8108108e+000  1.0000000e+000  2.9917569e+000
  2.8138138e+000  1.0000000e+000  2.9913965e+000
  2.8168168e+000  1.0000000e+000  2.9910713e+000
  2.8198198e+000  1.0000000e+000  2.9907819e+000
  2.8228228e+000  1.0000000e+000  2.9905291e+000
  2.8258258e+000  1.0000000e+000  2.9903132e+000
  2.8288288e+000  1.0000000e+000  2.9901346e+000
  2.8318318e+000  1.0000000e+000  2.9899935e+000
  2.8348348e+000  1.0000000e+000  2.9898899e+000
  2.8378378e+000  1.0000000e+000  2.9898239e+000
  2.8408408e+000  1.0000000e+000  2.9897951e+000
  2.8438438e+000  1.0000000e+000  2.9898032e+000
  2.8468468e+000  1.0000000e+000  2.9898477e+000
  2.8498498e+000  1.0000000e+000  2.9899282e+000
  2.8528529e+000  1.0000000e+000  2.9900438e+000
  2.8558559e+000  1.0000000e+000  2.9901936e+000
  2.8588589e+000  1.0000000e+000  2.9903769e+000
  2.8618619e+000  1.0000000e+000  2.9905924e+000
  2.8648649e+000  1.0000000e+000  2.9908391e+000
  2.8678679e+000  1.0000000e+000  2.9911157e+000
  2.8708709e+000  1.0000000e+000  2.9914209e+000
  2.8738739e+000  1.0000000e+000  2.9917531e+000
  2.8768769e+000  1.0000000e+000  2.9921110e+000
  2.8798799e+000  1.0000000e+000  2.9924928e+000
  2.8828829e+000  1.0000000e+000  2.9928970e+000
  2.8858859e+000  1.0000000e+000  2.9933218e+000
  2.8888889e+000  1.0000000e+000  2.9937655e+000
  2.8918919e+000  1.0000000e+000  2.9942263e+000
  2.8948949e+000  1.0000000e+000  2.9947022e+000
  2.8978979e+000  1.0000000e+000  2.9951915e+000
  2.9009009e+000  1.0000000e+000  2.9956921e+000
  2.9039039e+000  1.0000000e+000  2.9962022e+000
  2.9069069e+000  1.0000000e+000  2.9967199e+000
  2.9099099e+000  1.0000000e+000  2.9972431e+000
  2.9129129e+000  1.0000000e+000  2.9977699e+000
  2.9159159e+000  1.0000000e+000  2.9982985e+000
  2.9189189e+000  1.0000000e+000  2.9988268e+000
  2.9219219e+000  1.0000000e+000  2.9993530e+000
  2.9249249e+000  1.0000000e+000  2.9998753e+000
  2.9279279e+000  1.0000000e+000  3.0003918e+000
  2.9309309e+000  1.0000000e+000  3.0009007e+000
  2.9339339e+000  1.0000000e+000  3.0014003e+000
  2.9369369e+000  1.0000000e+000  3.0018889e+000
  2.9399399e+000  1.0000000e+000  3.0023649e+000
  2.9429429e+000  1.0000000e+000  3.0028268e+000
  2.9459459e+000  1.0000000e+000  3.0032730e+000
  2.9489489e+000  1.0000000e+000  3.0037021e+000
  2.9519520e+000  1.0000000e+000  3.0041129e+000
  2.9549550e+000  1.0000000e+000  3.0045040e+000
  2.9579580e+000  1.0000000e+000  3.0048743e+000
  2.9609610e+000  1.0000000e+000  3.0052227e+000
  2.9639640e+000  1.0000000e+000  3.0055482e+000
  2.9669670e+000  1.0000000e+000  3.0058499e+000
  2.9699700e+000  1.0000000e+000  3.0061271e+000
  2.9729730e+000  1.0000000e+000  3.0063790e+000
  2.9759760e+000  1.0000000e+000  3.0066050e+000
  2.9789790e+000  1.0000000e+000  3.0068046e+000
  2.9819820e+000  1.0000000e+000  3.0069775e+000
  2.9849850e+000  1.0000000e+000  3.0071233e+000
  2.9879880e+000  1.0000000e+000  3.0072418e+000
  2.9909910e+000  1.0000000e+000  3.0073330e+000
  2.9939940e+000  1.0000000e+000  3.0073968e+000
  2.9969970e+000  1.0000000e+000  3.0074333e+000
  3.0000000e+000  1.0000000e+000  3.0074427e+000
