   0.0000000e+00   7.5000000e+01   1.0000000e+01   0.0000000e+00   0.0000000e+00   0.0000000e+00
   5.0000000e-02   7.5000000e+01   2.0000000e+01   0.0000000e+00   0.0000000e+00   0.0000000e+00
   1.0000000e-01   7.5000000e+01   3.0000000e+01   0.0000000e+00   0.0000000e+00   0.0000000e+00
   1.5000000e-01   7.5000000e+01   4.0000000e+01   0.0000000e+00   0.0000000e+00   0.0000000e+00
   2.0000000e-01   7.5000000e+01   5.0000000e+01   0.0000000e+00   0.0000000e+00   0.0000000e+00
   2.5000000e-01   7.5000000e+01   6.0000000e+01   0.0000000e+00   0.0000000e+00   0.0000000e+00
   3.0000000e-01   7.5000000e+01   7.0000000e+01   0.0000000e+00   0.0000000e+00   0.0000000e+00
   3.5000000e-01   7.5000000e+01   8.0000000e+01   0.0000000e+00   0.0000000e+00   0.0000000e+00
   4.0000000e-01   7.5000000e+01   9.0000000e+01   0.0000000e+00   0.0000000e+00   0.0000000e+00
   4.5000000e-01   7.5000000e+01   1.0000000e+02   1.0000000e+00   0.0000000e+00   0.0000000e+00
   5.0000000e-01   7.5000000e+01   1.1000000e+02   2.0000000e+00   0.0000000e+00   0.0000000e+00
   5.5000000e-01   7.5000000e+01   1.2000000e+02   4.0000000e+00   0.0000000e+00   0.0000000e+00
   6.0000000e-01   7.5000000e+01   1.3000000e+02   7.0000000e+00   0.0000000e+00   0.0000000e+00
   6.5000000e-01   7.5000000e+01   1.3507000e+02   1.0000000e+01   0.0000000e+00   0.0000000e+00
   7.0000000e-01   7.5000000e+01   1.3507000e+02   1.2000000e+01   0.0000000e+00   0.0000000e+00
   7.5000000e-01   7.5000000e+01   1.3507000e+02   1.5000000e+01   0.0000000e+00   0.0000000e+00
   8.0000000e-01   7.5000000e+01   1.3507000e+02   1.8000000e+01   0.0000000e+00   0.0000000e+00
   8.5000000e-01   7.5000000e+01   1.3507000e+02   2.1000000e+01   0.0000000e+00   0.0000000e+00
   9.0000000e-01   7.5000000e+01   1.3507000e+02   2.3000000e+01   0.0000000e+00   0.0000000e+00
   9.5000000e-01   7.5000000e+01   1.3507000e+02   2.6000000e+01   0.0000000e+00   0.0000000e+00
   1.0000000e+00   7.5000000e+01   1.3507000e+02   2.8000000e+01   0.0000000e+00   0.0000000e+00
   1.0500000e+00   7.5000000e+01   1.3507000e+02   2.9000000e+01   0.0000000e+00   0.0000000e+00
   1.1000000e+00   7.5000000e+01   1.3507000e+02   3.1000000e+01   0.0000000e+00   0.0000000e+00
   1.1500000e+00   7.5000000e+01   1.3507000e+02   3.3000000e+01   0.0000000e+00   0.0000000e+00
   1.1900000e+00   7.5000000e+01   1.3507000e+02   3.4000000e+01   0.0000000e+00   0.0000000e+00
   1.2400000e+00   7.5000000e+01   1.3507000e+02   3.6000000e+01   0.0000000e+00   0.0000000e+00
   1.2900000e+00   7.5000000e+01   1.3507000e+02   3.7000000e+01   0.0000000e+00   0.0000000e+00
   1.3400000e+00   7.5000000e+01   1.3507000e+02   3.8000000e+01   0.0000000e+00   0.0000000e+00
   1.3900000e+00   7.5000000e+01   1.3507000e+02   3.9000000e+01   0.0000000e+00   0.0000000e+00
   1.4400000e+00   7.5000000e+01   1.3507000e+02   4.0000000e+01   0.0000000e+00   0.0000000e+00
   1.4900000e+00   7.5000000e+01   1.3507000e+02   4.1000000e+01   0.0000000e+00   0.0000000e+00
   1.5400000e+00   7.5000000e+01   1.3507000e+02   4.2000000e+01   0.0000000e+00   0.0000000e+00
   1.5900000e+00   7.5000000e+01   1.3507000e+02   4.3000000e+01   0.0000000e+00   0.0000000e+00
   1.6400000e+00   7.5000000e+01   1.3507000e+02   4.4000000e+01   0.0000000e+00   0.0000000e+00
   1.6900000e+00   7.5000000e+01   1.3507000e+02   4.5000000e+01   0.0000000e+00   0.0000000e+00
   1.7400000e+00   7.5000000e+01   1.3507000e+02   4.6000000e+01   0.0000000e+00   0.0000000e+00
   1.7900000e+00   7.5000000e+01   1.3507000e+02   4.7000000e+01   0.0000000e+00   0.0000000e+00
   1.8400000e+00   7.5000000e+01   1.3507000e+02   4.8000000e+01   0.0000000e+00   0.0000000e+00
   1.8900000e+00   7.5000000e+01   1.3507000e+02   4.8000000e+01   0.0000000e+00   0.0000000e+00
   1.9400000e+00   7.5000000e+01   1.3507000e+02   4.9000000e+01   0.0000000e+00   0.0000000e+00
   1.9900000e+00   7.5000000e+01   1.3507000e+02   5.0000000e+01   0.0000000e+00   0.0000000e+00
   2.0400000e+00   7.5000000e+01   1.3507000e+02   5.0000000e+01   0.0000000e+00   0.0000000e+00
   2.0900000e+00   7.5000000e+01   1.3507000e+02   5.1000000e+01   0.0000000e+00   0.0000000e+00
   2.1400000e+00   7.5000000e+01   1.3507000e+02   5.2000000e+01   0.0000000e+00   0.0000000e+00
   2.1900000e+00   7.5000000e+01   1.3507000e+02   5.2000000e+01   0.0000000e+00   0.0000000e+00
   2.2400000e+00   7.5000000e+01   1.3507000e+02   5.3000000e+01   0.0000000e+00   0.0000000e+00
   2.2900000e+00   7.5000000e+01   1.3507000e+02   5.3000000e+01   0.0000000e+00   0.0000000e+00
   2.3400000e+00   7.5000000e+01   1.3507000e+02   5.4000000e+01   0.0000000e+00   0.0000000e+00
   2.3900000e+00   7.5000000e+01   1.3507000e+02   5.4000000e+01   0.0000000e+00   0.0000000e+00
   2.4400000e+00   7.5000000e+01   1.3507000e+02   5.5000000e+01   0.0000000e+00   0.0000000e+00
   2.4900000e+00   7.5000000e+01   1.3507000e+02   5.5000000e+01   0.0000000e+00   0.0000000e+00
   2.5400000e+00   7.5000000e+01   1.3507000e+02   5.6000000e+01   0.0000000e+00   0.0000000e+00
   2.5900000e+00   7.5000000e+01   1.3507000e+02   5.6000000e+01   0.0000000e+00   0.0000000e+00
   2.6400000e+00   7.5000000e+01   1.3507000e+02   5.6000000e+01   0.0000000e+00   0.0000000e+00
   2.6900000e+00   7.5000000e+01   1.3507000e+02   5.7000000e+01   0.0000000e+00   0.0000000e+00
   2.7400000e+00   7.5000000e+01   1.3507000e+02   5.7000000e+01   0.0000000e+00   0.0000000e+00
   2.7900000e+00   7.5000000e+01   1.3507000e+02   5.8000000e+01   0.0000000e+00   0.0000000e+00
   2.8400000e+00   7.5000000e+01   1.3507000e+02   5.8000000e+01   0.0000000e+00   0.0000000e+00
   2.8900000e+00   7.5000000e+01   1.3507000e+02   5.8000000e+01   0.0000000e+00   0.0000000e+00
   2.9400000e+00   7.5000000e+01   1.3507000e+02   5.9000000e+01   0.0000000e+00   0.0000000e+00
   2.9900000e+00   7.5000000e+01   1.3507000e+02   5.9000000e+01   0.0000000e+00   0.0000000e+00
   3.0400000e+00   7.5000000e+01   1.3507000e+02   5.9000000e+01   0.0000000e+00   0.0000000e+00
   3.0900000e+00   7.5000000e+01   1.3507000e+02   5.9000000e+01   0.0000000e+00   0.0000000e+00
   3.1400000e+00   7.5000000e+01   1.3507000e+02   6.0000000e+01   0.0000000e+00   0.0000000e+00
   3.1900000e+00   7.5000000e+01   1.3507000e+02   6.0000000e+01   0.0000000e+00   0.0000000e+00
   3.2400000e+00   7.5000000e+01   1.3507000e+02   6.0000000e+01   0.0000000e+00   0.0000000e+00
   3.2900000e+00   7.5000000e+01   1.3507000e+02   6.1000000e+01   0.0000000e+00   0.0000000e+00
   3.3400000e+00   7.5000000e+01   1.3507000e+02   6.1000000e+01   0.0000000e+00   0.0000000e+00
   3.3900000e+00   7.5000000e+01   1.3507000e+02   6.1000000e+01   0.0000000e+00   0.0000000e+00
   3.4400000e+00   7.5000000e+01   1.3507000e+02   6.1000000e+01   0.0000000e+00   0.0000000e+00
   3.4900000e+00   7.5000000e+01   1.3507000e+02   6.1000000e+01   0.0000000e+00   0.0000000e+00
   3.5400000e+00   7.5000000e+01   1.3507000e+02   6.2000000e+01   0.0000000e+00   0.0000000e+00
   3.5900000e+00   7.5000000e+01   1.3507000e+02   6.2000000e+01   0.0000000e+00   0.0000000e+00
   3.6400000e+00   7.5000000e+01   1.3507000e+02   6.2000000e+01   0.0000000e+00   0.0000000e+00
   3.6900000e+00   7.5000000e+01   1.3507000e+02   6.2000000e+01   0.0000000e+00   0.0000000e+00
   3.7400000e+00   7.5000000e+01   1.3507000e+02   6.2000000e+01   0.0000000e+00   0.0000000e+00
   3.7900000e+00   7.5000000e+01   1.3507000e+02   6.3000000e+01   0.0000000e+00   0.0000000e+00
   3.8400000e+00   7.5000000e+01   1.3507000e+02   6.3000000e+01   0.0000000e+00   0.0000000e+00
   3.8900000e+00   7.5000000e+01   1.3507000e+02   6.3000000e+01   0.0000000e+00   0.0000000e+00
   3.9400000e+00   7.5000000e+01   1.3507000e+02   6.3000000e+01   0.0000000e+00   0.0000000e+00
   3.9900000e+00   7.5000000e+01   1.3507000e+02   6.3000000e+01   0.0000000e+00   0.0000000e+00
   4.0400000e+00   7.5000000e+01   1.3507000e+02   6.4000000e+01   0.0000000e+00   0.0000000e+00
   4.0900000e+00   7.5000000e+01   1.3507000e+02   6.4000000e+01   0.0000000e+00   0.0000000e+00
   4.1400000e+00   7.5000000e+01   1.3507000e+02   6.4000000e+01   0.0000000e+00   0.0000000e+00
   4.1900000e+00   7.5000000e+01   1.3507000e+02   6.4000000e+01   0.0000000e+00   0.0000000e+00
   4.2400000e+00   7.5000000e+01   1.3507000e+02   6.4000000e+01   0.0000000e+00   0.0000000e+00
   4.2900000e+00   7.5000000e+01   1.3507000e+02   6.4000000e+01   0.0000000e+00   0.0000000e+00
   4.3400000e+00   7.5000000e+01   1.3507000e+02   6.4000000e+01   0.0000000e+00   0.0000000e+00
   4.3900000e+00   7.5000000e+01   1.3507000e+02   6.5000000e+01   0.0000000e+00   0.0000000e+00
   4.4400000e+00   7.5000000e+01   1.3507000e+02   6.5000000e+01   0.0000000e+00   0.0000000e+00
   4.4900000e+00   7.5000000e+01   1.3507000e+02   6.5000000e+01   0.0000000e+00   0.0000000e+00
   4.5400000e+00   7.5000000e+01   1.3507000e+02   6.5000000e+01   0.0000000e+00   0.0000000e+00
   4.5900000e+00   7.5000000e+01   1.3507000e+02   6.5000000e+01   0.0000000e+00   0.0000000e+00
   4.6400000e+00   7.5000000e+01   1.3507000e+02   6.5000000e+01   0.0000000e+00   0.0000000e+00
   4.6900000e+00   7.5000000e+01   1.3507000e+02   6.5000000e+01   0.0000000e+00   0.0000000e+00
   4.7500000e+00   7.5000000e+01   1.3507000e+02   6.5000000e+01   0.0000000e+00   0.0000000e+00
   4.8000000e+00   7.5000000e+01   1.3507000e+02   6.5000000e+01   0.0000000e+00   0.0000000e+00
   4.8500000e+00   7.5000000e+01   1.3507000e+02   6.6000000e+01   0.0000000e+00   0.0000000e+00
   4.9000000e+00   7.5000000e+01   1.3507000e+02   6.6000000e+01   0.0000000e+00   0.0000000e+00
   4.9500000e+00   7.5000000e+01   1.3507000e+02   6.6000000e+01   0.0000000e+00   0.0000000e+00
   5.0000000e+00   7.5000000e+01   1.3507000e+02   6.6000000e+01   0.0000000e+00   0.0000000e+00
   5.0500000e+00   7.5000000e+01   1.3507000e+02   6.6000000e+01   0.0000000e+00   0.0000000e+00
   5.1000000e+00   7.5000000e+01   1.3507000e+02   6.6000000e+01   0.0000000e+00   0.0000000e+00
   5.1500000e+00   7.5000000e+01   1.3507000e+02   6.6000000e+01   0.0000000e+00   0.0000000e+00
   5.2000000e+00   7.5000000e+01   1.3507000e+02   6.6000000e+01   0.0000000e+00   0.0000000e+00
   5.2500000e+00   7.5000000e+01   1.3507000e+02   6.6000000e+01   0.0000000e+00   0.0000000e+00
   5.3000000e+00   7.5000000e+01   1.3507000e+02   6.6000000e+01   0.0000000e+00   0.0000000e+00
   5.3500000e+00   7.5000000e+01   1.3507000e+02   6.6000000e+01   0.0000000e+00   0.0000000e+00
   5.4000000e+00   7.5000000e+01   1.3507000e+02   6.7000000e+01   0.0000000e+00   0.0000000e+00
   5.4500000e+00   7.5000000e+01   1.3507000e+02   6.7000000e+01   0.0000000e+00   0.0000000e+00
   5.5000000e+00   7.5000000e+01   1.3507000e+02   6.7000000e+01   0.0000000e+00   0.0000000e+00
   5.5500000e+00   7.5000000e+01   1.3507000e+02   6.7000000e+01   0.0000000e+00   0.0000000e+00
   5.6000000e+00   7.5000000e+01   1.3507000e+02   6.7000000e+01   0.0000000e+00   0.0000000e+00
   5.6500000e+00   7.5000000e+01   1.3507000e+02   6.7000000e+01   0.0000000e+00   0.0000000e+00
   5.7000000e+00   7.5000000e+01   1.3507000e+02   6.7000000e+01   0.0000000e+00   0.0000000e+00
   5.7500000e+00   7.5000000e+01   1.3507000e+02   6.7000000e+01   0.0000000e+00   0.0000000e+00
   5.8000000e+00   7.5000000e+01   1.3507000e+02   6.7000000e+01   0.0000000e+00   0.0000000e+00
   5.8500000e+00   7.5000000e+01   1.3507000e+02   6.7000000e+01   0.0000000e+00   0.0000000e+00
   5.9000000e+00   7.5000000e+01   1.3507000e+02   6.7000000e+01   0.0000000e+00   0.0000000e+00
   5.9500000e+00   7.5000000e+01   1.3507000e+02   6.7000000e+01   0.0000000e+00   0.0000000e+00
   6.0000000e+00   7.5000000e+01   1.3507000e+02   6.7000000e+01   0.0000000e+00   0.0000000e+00
   6.0500000e+00   7.5000000e+01   1.3507000e+02   6.7000000e+01   0.0000000e+00   0.0000000e+00
   6.1000000e+00   7.5000000e+01   1.3507000e+02   6.7000000e+01   0.0000000e+00   0.0000000e+00
   6.1500000e+00   7.5000000e+01   1.3507000e+02   6.7000000e+01   0.0000000e+00   0.0000000e+00
   6.2000000e+00   7.5000000e+01   1.3507000e+02   6.7000000e+01   0.0000000e+00   0.0000000e+00
   6.2500000e+00   7.5000000e+01   1.3507000e+02   6.7000000e+01   0.0000000e+00   0.0000000e+00
   6.3000000e+00   7.5000000e+01   1.3507000e+02   6.7000000e+01   0.0000000e+00   0.0000000e+00
   6.3500000e+00   7.5000000e+01   1.3507000e+02   6.8000000e+01   0.0000000e+00   0.0000000e+00
   6.4000000e+00   7.5000000e+01   1.3507000e+02   6.8000000e+01   0.0000000e+00   0.0000000e+00
   6.4500000e+00   7.5000000e+01   1.3507000e+02   6.8000000e+01   0.0000000e+00   0.0000000e+00
   6.5000000e+00   7.5000000e+01   1.3507000e+02   6.8000000e+01   0.0000000e+00   0.0000000e+00
   6.5500000e+00   7.5000000e+01   1.3507000e+02   6.8000000e+01   0.0000000e+00   0.0000000e+00
   6.6000000e+00   7.5000000e+01   1.3507000e+02   6.8000000e+01   0.0000000e+00   0.0000000e+00
   6.6500000e+00   7.5000000e+01   1.3507000e+02   6.8000000e+01   0.0000000e+00   0.0000000e+00
   6.7000000e+00   7.5000000e+01   1.3507000e+02   6.8000000e+01   0.0000000e+00   0.0000000e+00
   6.7500000e+00   7.5000000e+01   1.3507000e+02   6.8000000e+01   0.0000000e+00   0.0000000e+00
   6.8000000e+00   7.5000000e+01   1.3507000e+02   6.8000000e+01   0.0000000e+00   0.0000000e+00
   6.8500000e+00   7.5000000e+01   1.3507000e+02   6.8000000e+01   0.0000000e+00   0.0000000e+00
   6.9000000e+00   7.5000000e+01   1.3507000e+02   6.8000000e+01   0.0000000e+00   0.0000000e+00
   6.9500000e+00   7.5000000e+01   1.3507000e+02   6.8000000e+01   0.0000000e+00   0.0000000e+00
   7.0000000e+00   7.5000000e+01   1.3507000e+02   6.8000000e+01   0.0000000e+00   0.0000000e+00
   7.0500000e+00   7.5000000e+01   1.3507000e+02   6.8000000e+01   0.0000000e+00   0.0000000e+00
   7.1000000e+00   7.5000000e+01   1.3507000e+02   6.8000000e+01   0.0000000e+00   0.0000000e+00
   7.1500000e+00   7.5000000e+01   1.3507000e+02   6.8000000e+01   0.0000000e+00   0.0000000e+00
   7.2000000e+00   7.5000000e+01   1.3507000e+02   6.8000000e+01   0.0000000e+00   0.0000000e+00
   7.2500000e+00   7.5000000e+01   1.3507000e+02   6.8000000e+01   0.0000000e+00   0.0000000e+00
   7.3000000e+00   7.5000000e+01   1.3507000e+02   6.8000000e+01   0.0000000e+00   0.0000000e+00
   7.3500000e+00   7.5000000e+01   1.3507000e+02   6.8000000e+01   0.0000000e+00   0.0000000e+00
   7.4000000e+00   7.5000000e+01   1.3507000e+02   6.9000000e+01   0.0000000e+00   0.0000000e+00
   7.4500000e+00   7.5000000e+01   1.3507000e+02   6.9000000e+01   0.0000000e+00   0.0000000e+00
   7.5000000e+00   7.5000000e+01   1.3507000e+02   6.9000000e+01   0.0000000e+00   0.0000000e+00
   7.5500000e+00   7.5000000e+01   1.3507000e+02   6.9000000e+01   0.0000000e+00   0.0000000e+00
   7.6000000e+00   7.5000000e+01   1.3507000e+02   6.9000000e+01   0.0000000e+00   0.0000000e+00
   7.6500000e+00   7.5000000e+01   1.3507000e+02   6.9000000e+01   0.0000000e+00   0.0000000e+00
   7.7000000e+00   7.5000000e+01   1.3507000e+02   6.9000000e+01   0.0000000e+00   0.0000000e+00
   7.7500000e+00   7.5000000e+01   1.3507000e+02   6.9000000e+01   0.0000000e+00   0.0000000e+00
   7.8000000e+00   7.5000000e+01   1.3507000e+02   6.9000000e+01   0.0000000e+00   0.0000000e+00
   7.8500000e+00   7.5000000e+01   1.3507000e+02   6.9000000e+01   0.0000000e+00   0.0000000e+00
   7.9000000e+00   7.5000000e+01   1.3507000e+02   6.9000000e+01   0.0000000e+00   0.0000000e+00
   7.9500000e+00   7.5000000e+01   1.3507000e+02   6.9000000e+01   0.0000000e+00   0.0000000e+00
   8.0000000e+00   7.5000000e+01   1.3507000e+02   6.9000000e+01   0.0000000e+00   0.0000000e+00
   8.0500000e+00   7.5000000e+01   1.3507000e+02   6.9000000e+01   0.0000000e+00   0.0000000e+00
   8.1000000e+00   7.5000000e+01   1.3507000e+02   6.9000000e+01   0.0000000e+00   0.0000000e+00
   8.1500000e+00   7.5000000e+01   1.3507000e+02   6.9000000e+01   0.0000000e+00   0.0000000e+00
   8.2000000e+00   7.5000000e+01   1.3507000e+02   6.9000000e+01   0.0000000e+00   0.0000000e+00
   8.2500000e+00   7.5000000e+01   1.3507000e+02   6.9000000e+01   0.0000000e+00   0.0000000e+00
   8.3000000e+00   7.5000000e+01   1.3507000e+02   6.9000000e+01   0.0000000e+00   0.0000000e+00
   8.3500000e+00   7.5000000e+01   1.3507000e+02   6.9000000e+01   0.0000000e+00   0.0000000e+00
   8.4000000e+00   7.5000000e+01   1.3507000e+02   6.9000000e+01   0.0000000e+00   0.0000000e+00
   8.4500000e+00   7.5000000e+01   1.3507000e+02   6.9000000e+01   0.0000000e+00   0.0000000e+00
   8.5000000e+00   7.5000000e+01   1.3507000e+02   6.9000000e+01   0.0000000e+00   0.0000000e+00
   8.5500000e+00   7.5000000e+01   1.3507000e+02   6.9000000e+01   0.0000000e+00   0.0000000e+00
   8.6000000e+00   7.5000000e+01   1.3507000e+02   6.9000000e+01   0.0000000e+00   0.0000000e+00
   8.6500000e+00   7.5000000e+01   1.3507000e+02   6.9000000e+01   0.0000000e+00   0.0000000e+00
   8.7000000e+00   7.5000000e+01   1.3507000e+02   6.9000000e+01   0.0000000e+00   0.0000000e+00
   8.7500000e+00   7.5000000e+01   1.3507000e+02   6.9000000e+01   0.0000000e+00   0.0000000e+00
   8.8000000e+00   7.5000000e+01   1.3507000e+02   6.9000000e+01   0.0000000e+00   0.0000000e+00
   8.8500000e+00   7.5000000e+01   1.3507000e+02   6.9000000e+01   0.0000000e+00   0.0000000e+00
   8.9000000e+00   7.5000000e+01   1.3507000e+02   6.9000000e+01   0.0000000e+00   0.0000000e+00
   8.9500000e+00   7.5000000e+01   1.3507000e+02   6.9000000e+01   0.0000000e+00   0.0000000e+00
   9.0000000e+00   7.5000000e+01   1.3507000e+02   7.0000000e+01   0.0000000e+00   0.0000000e+00
   9.0500000e+00   7.5000000e+01   1.3507000e+02   7.0000000e+01   0.0000000e+00   0.0000000e+00
   9.1000000e+00   7.5000000e+01   1.3507000e+02   7.0000000e+01   0.0000000e+00   0.0000000e+00
   9.1500000e+00   7.5000000e+01   1.3507000e+02   7.0000000e+01   0.0000000e+00   0.0000000e+00
   9.2000000e+00   7.5000000e+01   1.3507000e+02   7.0000000e+01   0.0000000e+00   0.0000000e+00
   9.2500000e+00   7.5000000e+01   1.3507000e+02   7.0000000e+01   0.0000000e+00   0.0000000e+00
   9.3000000e+00   7.5000000e+01   1.3507000e+02   7.0000000e+01   0.0000000e+00   0.0000000e+00
   9.3500000e+00   7.5000000e+01   1.3507000e+02   7.0000000e+01   0.0000000e+00   0.0000000e+00
   9.4000000e+00   7.5000000e+01   1.3507000e+02   7.0000000e+01   0.0000000e+00   0.0000000e+00
   9.4500000e+00   7.5000000e+01   1.3507000e+02   7.0000000e+01   0.0000000e+00   0.0000000e+00
   9.5000000e+00   7.5000000e+01   1.3507000e+02   7.0000000e+01   0.0000000e+00   0.0000000e+00
   9.5500000e+00   7.5000000e+01   1.3507000e+02   7.0000000e+01   0.0000000e+00   0.0000000e+00
   9.6000000e+00   7.5000000e+01   1.3507000e+02   7.0000000e+01   0.0000000e+00   0.0000000e+00
   9.6500000e+00   7.5000000e+01   1.3507000e+02   7.0000000e+01   0.0000000e+00   0.0000000e+00
   9.7000000e+00   7.5000000e+01   1.3507000e+02   7.0000000e+01   0.0000000e+00   0.0000000e+00
   9.7500000e+00   7.5000000e+01   1.3507000e+02   7.0000000e+01   0.0000000e+00   0.0000000e+00
   9.8000000e+00   7.5000000e+01   1.3507000e+02   7.0000000e+01   0.0000000e+00   0.0000000e+00
   9.8500000e+00   7.5000000e+01   1.3507000e+02   7.0000000e+01   0.0000000e+00   0.0000000e+00
   9.9000000e+00   7.5000000e+01   1.3507000e+02   7.0000000e+01   0.0000000e+00   0.0000000e+00
   9.9500000e+00   7.5000000e+01   1.3507000e+02   7.0000000e+01   0.0000000e+00   0.0000000e+00
   1.0000000e+01   7.5000000e+01   1.3507000e+02   7.0000000e+01   0.0000000e+00   0.0000000e+00
   1.0050000e+01   7.5000000e+01   1.3507000e+02   7.0000000e+01   0.0000000e+00   0.0000000e+00
   1.0100000e+01   7.5000000e+01   1.3507000e+02   7.0000000e+01   0.0000000e+00   0.0000000e+00
   1.0150000e+01   7.5000000e+01   1.3507000e+02   7.0000000e+01   0.0000000e+00   0.0000000e+00
   1.0200000e+01   7.5000000e+01   1.3507000e+02   7.1000000e+01   0.0000000e+00   0.0000000e+00
   1.0250000e+01   7.5000000e+01   1.3507000e+02   7.1000000e+01   0.0000000e+00   0.0000000e+00
   1.0300000e+01   7.5000000e+01   1.3507000e+02   7.0000000e+01   0.0000000e+00   0.0000000e+00
   1.0350000e+01   7.5000000e+01   1.3507000e+02   7.0000000e+01   0.0000000e+00   0.0000000e+00
   1.0400000e+01   7.5000000e+01   1.3507000e+02   7.0000000e+01   0.0000000e+00   0.0000000e+00
   1.0450000e+01   7.5000000e+01   1.3507000e+02   7.1000000e+01   0.0000000e+00   0.0000000e+00
   1.0500000e+01   7.5000000e+01   1.3507000e+02   7.1000000e+01   0.0000000e+00   0.0000000e+00
   1.0550000e+01   7.5000000e+01   1.3507000e+02   7.1000000e+01   0.0000000e+00   0.0000000e+00
   1.0600000e+01   7.5000000e+01   1.3507000e+02   7.1000000e+01   0.0000000e+00   0.0000000e+00
   1.0650000e+01   7.5000000e+01   1.3507000e+02   7.1000000e+01   0.0000000e+00   0.0000000e+00
   1.0700000e+01   7.5000000e+01   1.3507000e+02   7.1000000e+01   0.0000000e+00   0.0000000e+00
   1.0750000e+01   7.5000000e+01   1.3507000e+02   7.1000000e+01   0.0000000e+00   0.0000000e+00
   1.0800000e+01   7.5000000e+01   1.3507000e+02   7.1000000e+01   0.0000000e+00   0.0000000e+00
   1.0850000e+01   7.5000000e+01   1.3507000e+02   7.1000000e+01   0.0000000e+00   0.0000000e+00
   1.0900000e+01   7.5000000e+01   1.3507000e+02   7.1000000e+01   0.0000000e+00   0.0000000e+00
   1.0950000e+01   7.5000000e+01   1.3507000e+02   7.1000000e+01   0.0000000e+00   0.0000000e+00
   1.1000000e+01   7.5000000e+01   1.3507000e+02   7.1000000e+01   0.0000000e+00   0.0000000e+00
   1.1050000e+01   7.5000000e+01   1.3507000e+02   7.1000000e+01   0.0000000e+00   0.0000000e+00
   1.1100000e+01   7.5000000e+01   1.3507000e+02   7.1000000e+01   0.0000000e+00   0.0000000e+00
   1.1150000e+01   7.5000000e+01   1.3507000e+02   7.1000000e+01   0.0000000e+00   0.0000000e+00
   1.1200000e+01   7.5000000e+01   1.3507000e+02   7.1000000e+01   0.0000000e+00   0.0000000e+00
   1.1250000e+01   7.5000000e+01   1.3507000e+02   7.1000000e+01   0.0000000e+00   0.0000000e+00
   1.1300000e+01   7.5000000e+01   1.3507000e+02   7.1000000e+01   0.0000000e+00   0.0000000e+00
   1.1350000e+01   7.5000000e+01   1.3507000e+02   7.1000000e+01   0.0000000e+00   0.0000000e+00
   1.1400000e+01   7.5000000e+01   1.3507000e+02   7.1000000e+01   0.0000000e+00   0.0000000e+00
   1.1450000e+01   7.5000000e+01   1.3507000e+02   7.1000000e+01   0.0000000e+00   0.0000000e+00
