   0.0000000e+00   1.0000000e+00   0.0000000e+00
   5.0050050e-04   1.0000000e+00   9.3698255e-04
   1.0010010e-03   1.0000000e+00   3.7379957e-03
   1.5015015e-03   1.0000000e+00   8.3873500e-03
   2.0020020e-03   1.0000000e+00   1.4868321e-02
   2.5025025e-03   1.0000000e+00   2.3163165e-02
   3.0030030e-03   1.0000000e+00   3.3253140e-02
   3.5035035e-03   1.0000000e+00   4.5118527e-02
   4.0040040e-03   1.0000000e+00   5.8738642e-02
   4.5045045e-03   1.0000000e+00   7.4091865e-02
   5.0050050e-03   1.0000000e+00   9.1155654e-02
   5.5055055e-03   1.0000000e+00   1.0990657e-01
   6.0060060e-03   1.0000000e+00   1.3032029e-01
   6.5065065e-03   1.0000000e+00   1.5237166e-01
   7.0070070e-03   1.0000000e+00   1.7603465e-01
   7.5075075e-03   1.0000000e+00   2.0128246e-01
   8.0080080e-03   1.0000000e+00   2.2808748e-01
   8.5085085e-03   1.0000000e+00   2.5642134e-01
   9.0090090e-03   1.0000000e+00   2.8625493e-01
   9.5095095e-03   1.0000000e+00   3.1755841e-01
   1.0010010e-02   1.0000000e+00   3.5030127e-01
   1.0510511e-02   1.0000000e+00   3.8445232e-01
   1.1011011e-02   1.0000000e+00   4.1997970e-01
   1.1511512e-02   1.0000000e+00   4.5685098e-01
   1.2012012e-02   1.0000000e+00   4.9503308e-01
   1.2512513e-02   1.0000000e+00   5.3449239e-01
   1.3013013e-02   1.0000000e+00   5.7519473e-01
   1.3513514e-02   1.0000000e+00   6.1710542e-01
   1.4014014e-02   1.0000000e+00   6.6018927e-01
   1.4514515e-02   1.0000000e+00   7.0441063e-01
   1.5015015e-02   1.0000000e+00   7.4973340e-01
   1.5515516e-02   1.0000000e+00   7.9612106e-01
   1.6016016e-02   1.0000000e+00   8.4353672e-01
   1.6516517e-02   1.0000000e+00   8.9194309e-01
   1.7017017e-02   1.0000000e+00   9.4130258e-01
   1.7517518e-02   1.0000000e+00   9.9157726e-01
   1.8018018e-02   1.0000000e+00   1.0427289e+00
   1.8518519e-02   1.0000000e+00   1.0947191e+00
   1.9019019e-02   1.0000000e+00   1.1475091e+00
   1.9519520e-02   1.0000000e+00   1.2010599e+00
   2.0020020e-02   1.0000000e+00   1.2553325e+00
   2.0520521e-02   1.0000000e+00   1.3102877e+00
   2.1021021e-02   1.0000000e+00   1.3658860e+00
   2.1521522e-02   1.0000000e+00   1.4220879e+00
   2.2022022e-02   1.0000000e+00   1.4788539e+00
   2.2522523e-02   1.0000000e+00   1.5361444e+00
   2.3023023e-02   1.0000000e+00   1.5939196e+00
   2.3523524e-02   1.0000000e+00   1.6521399e+00
   2.4024024e-02   1.0000000e+00   1.7107656e+00
   2.4524525e-02   1.0000000e+00   1.7697572e+00
   2.5025025e-02   1.0000000e+00   1.8290750e+00
   2.5525526e-02   1.0000000e+00   1.8886797e+00
   2.6026026e-02   1.0000000e+00   1.9485320e+00
   2.6526527e-02   1.0000000e+00   2.0085925e+00
   2.7027027e-02   1.0000000e+00   2.0688224e+00
   2.7527528e-02   1.0000000e+00   2.1291827e+00
   2.8028028e-02   1.0000000e+00   2.1896348e+00
   2.8528529e-02   1.0000000e+00   2.2501403e+00
   2.9029029e-02   1.0000000e+00   2.3106612e+00
   2.9529530e-02   1.0000000e+00   2.3711594e+00
   3.0030030e-02   1.0000000e+00   2.4315974e+00
   3.0530531e-02   1.0000000e+00   2.4919381e+00
   3.1031031e-02   1.0000000e+00   2.5521443e+00
   3.1531532e-02   1.0000000e+00   2.6121797e+00
   3.2032032e-02   1.0000000e+00   2.6720080e+00
   3.2532533e-02   1.0000000e+00   2.7315935e+00
   3.3033033e-02   1.0000000e+00   2.7909007e+00
   3.3533534e-02   1.0000000e+00   2.8498948e+00
   3.4034034e-02   1.0000000e+00   2.9085413e+00
   3.4534535e-02   1.0000000e+00   2.9668062e+00
   3.5035035e-02   1.0000000e+00   3.0246561e+00
   3.5535536e-02   1.0000000e+00   3.0820579e+00
   3.6036036e-02   1.0000000e+00   3.1389791e+00
   3.6536537e-02   1.0000000e+00   3.1953879e+00
   3.7037037e-02   1.0000000e+00   3.2512530e+00
   3.7537538e-02   1.0000000e+00   3.3065434e+00
   3.8038038e-02   1.0000000e+00   3.3612290e+00
   3.8538539e-02   1.0000000e+00   3.4152803e+00
   3.9039039e-02   1.0000000e+00   3.4686682e+00
   3.9539540e-02   1.0000000e+00   3.5213644e+00
   4.0040040e-02   1.0000000e+00   3.5733413e+00
   4.0540541e-02   1.0000000e+00   3.6245716e+00
   4.1041041e-02   1.0000000e+00   3.6750292e+00
   4.1541542e-02   1.0000000e+00   3.7246882e+00
   4.2042042e-02   1.0000000e+00   3.7735237e+00
   4.2542543e-02   1.0000000e+00   3.8215113e+00
   4.3043043e-02   1.0000000e+00   3.8686275e+00
   4.3543544e-02   1.0000000e+00   3.9148494e+00
   4.4044044e-02   1.0000000e+00   3.9601548e+00
   4.4544545e-02   1.0000000e+00   4.0045224e+00
   4.5045045e-02   1.0000000e+00   4.0479314e+00
   4.5545546e-02   1.0000000e+00   4.0903619e+00
   4.6046046e-02   1.0000000e+00   4.1317949e+00
   4.6546547e-02   1.0000000e+00   4.1722119e+00
   4.7047047e-02   1.0000000e+00   4.2115952e+00
   4.7547548e-02   1.0000000e+00   4.2499281e+00
   4.8048048e-02   1.0000000e+00   4.2871945e+00
   4.8548549e-02   1.0000000e+00   4.3233792e+00
   4.9049049e-02   1.0000000e+00   4.3584675e+00
   4.9549550e-02   1.0000000e+00   4.3924459e+00
   5.0050050e-02   1.0000000e+00   4.4253015e+00
   5.0550551e-02   1.0000000e+00   4.4570221e+00
   5.1051051e-02   1.0000000e+00   4.4875965e+00
   5.1551552e-02   1.0000000e+00   4.5170141e+00
   5.2052052e-02   1.0000000e+00   4.5452653e+00
   5.2552553e-02   1.0000000e+00   4.5723411e+00
   5.3053053e-02   1.0000000e+00   4.5982334e+00
   5.3553554e-02   1.0000000e+00   4.6229350e+00
   5.4054054e-02   1.0000000e+00   4.6464394e+00
   5.4554555e-02   1.0000000e+00   4.6687407e+00
   5.5055055e-02   1.0000000e+00   4.6898342e+00
   5.5555556e-02   1.0000000e+00   4.7097157e+00
   5.6056056e-02   1.0000000e+00   4.7283818e+00
   5.6556557e-02   1.0000000e+00   4.7458300e+00
   5.7057057e-02   1.0000000e+00   4.7620586e+00
   5.7557558e-02   1.0000000e+00   4.7770664e+00
   5.8058058e-02   1.0000000e+00   4.7908534e+00
   5.8558559e-02   1.0000000e+00   4.8034199e+00
   5.9059059e-02   1.0000000e+00   4.8147674e+00
   5.9559560e-02   1.0000000e+00   4.8248978e+00
   6.0060060e-02   1.0000000e+00   4.8338139e+00
   6.0560561e-02   1.0000000e+00   4.8415193e+00
   6.1061061e-02   1.0000000e+00   4.8480181e+00
   6.1561562e-02   1.0000000e+00   4.8533154e+00
   6.2062062e-02   1.0000000e+00   4.8574169e+00
   6.2562563e-02   1.0000000e+00   4.8603289e+00
   6.3063063e-02   1.0000000e+00   4.8620585e+00
   6.3563564e-02   1.0000000e+00   4.8626134e+00
   6.4064064e-02   1.0000000e+00   4.8620022e+00
   6.4564565e-02   1.0000000e+00   4.8602339e+00
   6.5065065e-02   1.0000000e+00   4.8573183e+00
   6.5565566e-02   1.0000000e+00   4.8532657e+00
   6.6066066e-02   1.0000000e+00   4.8480873e+00
   6.6566567e-02   1.0000000e+00   4.8417946e+00
   6.7067067e-02   1.0000000e+00   4.8343999e+00
   6.7567568e-02   1.0000000e+00   4.8259161e+00
   6.8068068e-02   1.0000000e+00   4.8163566e+00
   6.8568569e-02   1.0000000e+00   4.8057355e+00
   6.9069069e-02   1.0000000e+00   4.7940672e+00
   6.9569570e-02   1.0000000e+00   4.7813669e+00
   7.0070070e-02   1.0000000e+00   4.7676503e+00
   7.0570571e-02   1.0000000e+00   4.7529334e+00
   7.1071071e-02   1.0000000e+00   4.7372330e+00
   7.1571572e-02   1.0000000e+00   4.7205663e+00
   7.2072072e-02   1.0000000e+00   4.7029508e+00
   7.2572573e-02   1.0000000e+00   4.6844046e+00
   7.3073073e-02   1.0000000e+00   4.6649462e+00
   7.3573574e-02   1.0000000e+00   4.6445947e+00
   7.4074074e-02   1.0000000e+00   4.6233694e+00
   7.4574575e-02   1.0000000e+00   4.6012900e+00
   7.5075075e-02   1.0000000e+00   4.5783768e+00
   7.5575576e-02   1.0000000e+00   4.5546503e+00
   7.6076076e-02   1.0000000e+00   4.5301313e+00
   7.6576577e-02   1.0000000e+00   4.5048411e+00
   7.7077077e-02   1.0000000e+00   4.4788012e+00
   7.7577578e-02   1.0000000e+00   4.4520335e+00
   7.8078078e-02   1.0000000e+00   4.4245601e+00
   7.8578579e-02   1.0000000e+00   4.3964034e+00
   7.9079079e-02   1.0000000e+00   4.3675862e+00
   7.9579580e-02   1.0000000e+00   4.3381313e+00
   8.0080080e-02   1.0000000e+00   4.3080618e+00
   8.0580581e-02   1.0000000e+00   4.2774012e+00
   8.1081081e-02   1.0000000e+00   4.2461730e+00
   8.1581582e-02   1.0000000e+00   4.2144009e+00
   8.2082082e-02   1.0000000e+00   4.1821088e+00
   8.2582583e-02   1.0000000e+00   4.1493208e+00
   8.3083083e-02   1.0000000e+00   4.1160609e+00
   8.3583584e-02   1.0000000e+00   4.0823535e+00
   8.4084084e-02   1.0000000e+00   4.0482230e+00
   8.4584585e-02   1.0000000e+00   4.0136938e+00
   8.5085085e-02   1.0000000e+00   3.9787905e+00
   8.5585586e-02   1.0000000e+00   3.9435375e+00
   8.6086086e-02   1.0000000e+00   3.9079596e+00
   8.6586587e-02   1.0000000e+00   3.8720813e+00
   8.7087087e-02   1.0000000e+00   3.8359273e+00
   8.7587588e-02   1.0000000e+00   3.7995222e+00
   8.8088088e-02   1.0000000e+00   3.7628906e+00
   8.8588589e-02   1.0000000e+00   3.7260571e+00
   8.9089089e-02   1.0000000e+00   3.6890460e+00
   8.9589590e-02   1.0000000e+00   3.6518819e+00
   9.0090090e-02   1.0000000e+00   3.6145891e+00
   9.0590591e-02   1.0000000e+00   3.5771917e+00
   9.1091091e-02   1.0000000e+00   3.5397140e+00
   9.1591592e-02   1.0000000e+00   3.5021799e+00
   9.2092092e-02   1.0000000e+00   3.4646132e+00
   9.2592593e-02   1.0000000e+00   3.4270376e+00
   9.3093093e-02   1.0000000e+00   3.3894767e+00
   9.3593594e-02   1.0000000e+00   3.3519537e+00
   9.4094094e-02   1.0000000e+00   3.3144917e+00
   9.4594595e-02   1.0000000e+00   3.2771138e+00
   9.5095095e-02   1.0000000e+00   3.2398426e+00
   9.5595596e-02   1.0000000e+00   3.2027004e+00
   9.6096096e-02   1.0000000e+00   3.1657096e+00
   9.6596597e-02   1.0000000e+00   3.1288922e+00
   9.7097097e-02   1.0000000e+00   3.0922696e+00
   9.7597598e-02   1.0000000e+00   3.0558634e+00
   9.8098098e-02   1.0000000e+00   3.0196947e+00
   9.8598599e-02   1.0000000e+00   2.9837842e+00
   9.9099099e-02   1.0000000e+00   2.9481524e+00
   9.9599600e-02   1.0000000e+00   2.9128194e+00
   1.0010010e-01   1.0000000e+00   2.8778052e+00
   1.0060060e-01   1.0000000e+00   2.8431290e+00
   1.0110110e-01   1.0000000e+00   2.8088100e+00
   1.0160160e-01   1.0000000e+00   2.7748671e+00
   1.0210210e-01   1.0000000e+00   2.7413184e+00
   1.0260260e-01   1.0000000e+00   2.7081821e+00
   1.0310310e-01   1.0000000e+00   2.6754756e+00
   1.0360360e-01   1.0000000e+00   2.6432162e+00
   1.0410410e-01   1.0000000e+00   2.6114208e+00
   1.0460460e-01   1.0000000e+00   2.5801055e+00
   1.0510511e-01   1.0000000e+00   2.5492864e+00
   1.0560561e-01   1.0000000e+00   2.5189790e+00
   1.0610611e-01   1.0000000e+00   2.4891984e+00
   1.0660661e-01   1.0000000e+00   2.4599593e+00
   1.0710711e-01   1.0000000e+00   2.4312757e+00
   1.0760761e-01   1.0000000e+00   2.4031615e+00
   1.0810811e-01   1.0000000e+00   2.3756299e+00
   1.0860861e-01   1.0000000e+00   2.3486937e+00
   1.0910911e-01   1.0000000e+00   2.3223654e+00
   1.0960961e-01   1.0000000e+00   2.2966567e+00
   1.1011011e-01   1.0000000e+00   2.2715791e+00
   1.1061061e-01   1.0000000e+00   2.2471435e+00
   1.1111111e-01   1.0000000e+00   2.2233604e+00
   1.1161161e-01   1.0000000e+00   2.2002397e+00
   1.1211211e-01   1.0000000e+00   2.1777908e+00
   1.1261261e-01   1.0000000e+00   2.1560228e+00
   1.1311311e-01   1.0000000e+00   2.1349442e+00
   1.1361361e-01   1.0000000e+00   2.1145629e+00
   1.1411411e-01   1.0000000e+00   2.0948865e+00
   1.1461461e-01   1.0000000e+00   2.0759219e+00
   1.1511512e-01   1.0000000e+00   2.0576756e+00
   1.1561562e-01   1.0000000e+00   2.0401537e+00
   1.1611612e-01   1.0000000e+00   2.0233617e+00
   1.1661662e-01   1.0000000e+00   2.0073046e+00
   1.1711712e-01   1.0000000e+00   1.9919869e+00
   1.1761762e-01   1.0000000e+00   1.9774126e+00
   1.1811812e-01   1.0000000e+00   1.9635853e+00
   1.1861862e-01   1.0000000e+00   1.9505080e+00
   1.1911912e-01   1.0000000e+00   1.9381833e+00
   1.1961962e-01   1.0000000e+00   1.9266132e+00
   1.2012012e-01   1.0000000e+00   1.9157993e+00
   1.2062062e-01   1.0000000e+00   1.9057427e+00
   1.2112112e-01   1.0000000e+00   1.8964440e+00
   1.2162162e-01   1.0000000e+00   1.8879033e+00
   1.2212212e-01   1.0000000e+00   1.8801203e+00
   1.2262262e-01   1.0000000e+00   1.8730942e+00
   1.2312312e-01   1.0000000e+00   1.8668237e+00
   1.2362362e-01   1.0000000e+00   1.8613070e+00
   1.2412412e-01   1.0000000e+00   1.8565420e+00
   1.2462462e-01   1.0000000e+00   1.8525260e+00
   1.2512513e-01   1.0000000e+00   1.8492559e+00
   1.2562563e-01   1.0000000e+00   1.8467282e+00
   1.2612613e-01   1.0000000e+00   1.8449389e+00
   1.2662663e-01   1.0000000e+00   1.8438837e+00
   1.2712713e-01   1.0000000e+00   1.8435575e+00
   1.2762763e-01   1.0000000e+00   1.8439553e+00
   1.2812813e-01   1.0000000e+00   1.8450713e+00
   1.2862863e-01   1.0000000e+00   1.8468996e+00
   1.2912913e-01   1.0000000e+00   1.8494335e+00
   1.2962963e-01   1.0000000e+00   1.8526663e+00
   1.3013013e-01   1.0000000e+00   1.8565907e+00
   1.3063063e-01   1.0000000e+00   1.8611991e+00
   1.3113113e-01   1.0000000e+00   1.8664835e+00
   1.3163163e-01   1.0000000e+00   1.8724355e+00
   1.3213213e-01   1.0000000e+00   1.8790465e+00
   1.3263263e-01   1.0000000e+00   1.8863074e+00
   1.3313313e-01   1.0000000e+00   1.8942087e+00
   1.3363363e-01   1.0000000e+00   1.9027409e+00
   1.3413413e-01   1.0000000e+00   1.9118938e+00
   1.3463463e-01   1.0000000e+00   1.9216570e+00
   1.3513514e-01   1.0000000e+00   1.9320200e+00
   1.3563564e-01   1.0000000e+00   1.9429718e+00
   1.3613614e-01   1.0000000e+00   1.9545011e+00
   1.3663664e-01   1.0000000e+00   1.9665964e+00
   1.3713714e-01   1.0000000e+00   1.9792460e+00
   1.3763764e-01   1.0000000e+00   1.9924378e+00
   1.3813814e-01   1.0000000e+00   2.0061595e+00
   1.3863864e-01   1.0000000e+00   2.0203987e+00
   1.3913914e-01   1.0000000e+00   2.0351424e+00
   1.3963964e-01   1.0000000e+00   2.0503779e+00
   1.4014014e-01   1.0000000e+00   2.0660918e+00
   1.4064064e-01   1.0000000e+00   2.0822709e+00
   1.4114114e-01   1.0000000e+00   2.0989015e+00
   1.4164164e-01   1.0000000e+00   2.1159698e+00
   1.4214214e-01   1.0000000e+00   2.1334621e+00
   1.4264264e-01   1.0000000e+00   2.1513641e+00
   1.4314314e-01   1.0000000e+00   2.1696617e+00
   1.4364364e-01   1.0000000e+00   2.1883404e+00
   1.4414414e-01   1.0000000e+00   2.2073858e+00
   1.4464464e-01   1.0000000e+00   2.2267832e+00
   1.4514515e-01   1.0000000e+00   2.2465180e+00
   1.4564565e-01   1.0000000e+00   2.2665752e+00
   1.4614615e-01   1.0000000e+00   2.2869400e+00
   1.4664665e-01   1.0000000e+00   2.3075973e+00
   1.4714715e-01   1.0000000e+00   2.3285321e+00
   1.4764765e-01   1.0000000e+00   2.3497292e+00
   1.4814815e-01   1.0000000e+00   2.3711735e+00
   1.4864865e-01   1.0000000e+00   2.3928497e+00
   1.4914915e-01   1.0000000e+00   2.4147425e+00
   1.4964965e-01   1.0000000e+00   2.4368368e+00
   1.5015015e-01   1.0000000e+00   2.4591171e+00
   1.5065065e-01   1.0000000e+00   2.4815682e+00
   1.5115115e-01   1.0000000e+00   2.5041748e+00
   1.5165165e-01   1.0000000e+00   2.5269217e+00
   1.5215215e-01   1.0000000e+00   2.5497936e+00
   1.5265265e-01   1.0000000e+00   2.5727753e+00
   1.5315315e-01   1.0000000e+00   2.5958517e+00
   1.5365365e-01   1.0000000e+00   2.6190075e+00
   1.5415415e-01   1.0000000e+00   2.6422279e+00
   1.5465465e-01   1.0000000e+00   2.6654978e+00
   1.5515516e-01   1.0000000e+00   2.6888024e+00
   1.5565566e-01   1.0000000e+00   2.7121268e+00
   1.5615616e-01   1.0000000e+00   2.7354563e+00
   1.5665666e-01   1.0000000e+00   2.7587764e+00
   1.5715716e-01   1.0000000e+00   2.7820726e+00
   1.5765766e-01   1.0000000e+00   2.8053305e+00
   1.5815816e-01   1.0000000e+00   2.8285359e+00
   1.5865866e-01   1.0000000e+00   2.8516747e+00
   1.5915916e-01   1.0000000e+00   2.8747329e+00
   1.5965966e-01   1.0000000e+00   2.8976969e+00
   1.6016016e-01   1.0000000e+00   2.9205529e+00
   1.6066066e-01   1.0000000e+00   2.9432875e+00
   1.6116116e-01   1.0000000e+00   2.9658875e+00
   1.6166166e-01   1.0000000e+00   2.9883397e+00
   1.6216216e-01   1.0000000e+00   3.0106313e+00
   1.6266266e-01   1.0000000e+00   3.0327495e+00
   1.6316316e-01   1.0000000e+00   3.0546818e+00
   1.6366366e-01   1.0000000e+00   3.0764160e+00
   1.6416416e-01   1.0000000e+00   3.0979400e+00
   1.6466466e-01   1.0000000e+00   3.1192419e+00
   1.6516517e-01   1.0000000e+00   3.1403100e+00
   1.6566567e-01   1.0000000e+00   3.1611331e+00
   1.6616617e-01   1.0000000e+00   3.1816998e+00
   1.6666667e-01   1.0000000e+00   3.2019994e+00
   1.6716717e-01   1.0000000e+00   3.2220211e+00
   1.6766767e-01   1.0000000e+00   3.2417546e+00
   1.6816817e-01   1.0000000e+00   3.2611897e+00
   1.6866867e-01   1.0000000e+00   3.2803164e+00
   1.6916917e-01   1.0000000e+00   3.2991252e+00
   1.6966967e-01   1.0000000e+00   3.3176067e+00
   1.7017017e-01   1.0000000e+00   3.3357518e+00
   1.7067067e-01   1.0000000e+00   3.3535518e+00
   1.7117117e-01   1.0000000e+00   3.3709980e+00
   1.7167167e-01   1.0000000e+00   3.3880823e+00
   1.7217217e-01   1.0000000e+00   3.4047967e+00
   1.7267267e-01   1.0000000e+00   3.4211336e+00
   1.7317317e-01   1.0000000e+00   3.4370855e+00
   1.7367367e-01   1.0000000e+00   3.4526454e+00
   1.7417417e-01   1.0000000e+00   3.4678066e+00
   1.7467467e-01   1.0000000e+00   3.4825625e+00
   1.7517518e-01   1.0000000e+00   3.4969069e+00
   1.7567568e-01   1.0000000e+00   3.5108341e+00
   1.7617618e-01   1.0000000e+00   3.5243384e+00
   1.7667668e-01   1.0000000e+00   3.5374146e+00
   1.7717718e-01   1.0000000e+00   3.5500578e+00
   1.7767768e-01   1.0000000e+00   3.5622631e+00
   1.7817818e-01   1.0000000e+00   3.5740265e+00
   1.7867868e-01   1.0000000e+00   3.5853437e+00
   1.7917918e-01   1.0000000e+00   3.5962111e+00
   1.7967968e-01   1.0000000e+00   3.6066252e+00
   1.8018018e-01   1.0000000e+00   3.6165830e+00
   1.8068068e-01   1.0000000e+00   3.6260816e+00
   1.8118118e-01   1.0000000e+00   3.6351186e+00
   1.8168168e-01   1.0000000e+00   3.6436918e+00
   1.8218218e-01   1.0000000e+00   3.6517993e+00
   1.8268268e-01   1.0000000e+00   3.6594395e+00
   1.8318318e-01   1.0000000e+00   3.6666111e+00
   1.8368368e-01   1.0000000e+00   3.6733132e+00
   1.8418418e-01   1.0000000e+00   3.6795452e+00
   1.8468468e-01   1.0000000e+00   3.6853065e+00
   1.8518519e-01   1.0000000e+00   3.6905973e+00
   1.8568569e-01   1.0000000e+00   3.6954176e+00
   1.8618619e-01   1.0000000e+00   3.6997680e+00
   1.8668669e-01   1.0000000e+00   3.7036493e+00
   1.8718719e-01   1.0000000e+00   3.7070626e+00
   1.8768769e-01   1.0000000e+00   3.7100092e+00
   1.8818819e-01   1.0000000e+00   3.7124909e+00
   1.8868869e-01   1.0000000e+00   3.7145094e+00
   1.8918919e-01   1.0000000e+00   3.7160671e+00
   1.8968969e-01   1.0000000e+00   3.7171665e+00
   1.9019019e-01   1.0000000e+00   3.7178101e+00
   1.9069069e-01   1.0000000e+00   3.7180012e+00
   1.9119119e-01   1.0000000e+00   3.7177429e+00
   1.9169169e-01   1.0000000e+00   3.7170387e+00
   1.9219219e-01   1.0000000e+00   3.7158924e+00
   1.9269269e-01   1.0000000e+00   3.7143081e+00
   1.9319319e-01   1.0000000e+00   3.7122900e+00
   1.9369369e-01   1.0000000e+00   3.7098427e+00
   1.9419419e-01   1.0000000e+00   3.7069707e+00
   1.9469469e-01   1.0000000e+00   3.7036792e+00
   1.9519520e-01   1.0000000e+00   3.6999733e+00
   1.9569570e-01   1.0000000e+00   3.6958584e+00
   1.9619620e-01   1.0000000e+00   3.6913402e+00
   1.9669670e-01   1.0000000e+00   3.6864245e+00
   1.9719720e-01   1.0000000e+00   3.6811173e+00
   1.9769770e-01   1.0000000e+00   3.6754248e+00
   1.9819820e-01   1.0000000e+00   3.6693535e+00
   1.9869870e-01   1.0000000e+00   3.6629101e+00
   1.9919920e-01   1.0000000e+00   3.6561013e+00
   1.9969970e-01   1.0000000e+00   3.6489341e+00
   2.0020020e-01   1.0000000e+00   3.6414156e+00
   2.0070070e-01   1.0000000e+00   3.6335532e+00
   2.0120120e-01   1.0000000e+00   3.6253543e+00
   2.0170170e-01   1.0000000e+00   3.6168267e+00
   2.0220220e-01   1.0000000e+00   3.6079780e+00
   2.0270270e-01   1.0000000e+00   3.5988161e+00
   2.0320320e-01   1.0000000e+00   3.5893492e+00
   2.0370370e-01   1.0000000e+00   3.5795855e+00
   2.0420420e-01   1.0000000e+00   3.5695332e+00
   2.0470470e-01   1.0000000e+00   3.5592007e+00
   2.0520521e-01   1.0000000e+00   3.5485967e+00
   2.0570571e-01   1.0000000e+00   3.5377297e+00
   2.0620621e-01   1.0000000e+00   3.5266085e+00
   2.0670671e-01   1.0000000e+00   3.5152419e+00
   2.0720721e-01   1.0000000e+00   3.5036390e+00
   2.0770771e-01   1.0000000e+00   3.4918086e+00
   2.0820821e-01   1.0000000e+00   3.4797598e+00
   2.0870871e-01   1.0000000e+00   3.4675019e+00
   2.0920921e-01   1.0000000e+00   3.4550440e+00
   2.0970971e-01   1.0000000e+00   3.4423953e+00
   2.1021021e-01   1.0000000e+00   3.4295653e+00
   2.1071071e-01   1.0000000e+00   3.4165633e+00
   2.1121121e-01   1.0000000e+00   3.4033986e+00
   2.1171171e-01   1.0000000e+00   3.3900807e+00
   2.1221221e-01   1.0000000e+00   3.3766190e+00
   2.1271271e-01   1.0000000e+00   3.3630231e+00
   2.1321321e-01   1.0000000e+00   3.3493024e+00
   2.1371371e-01   1.0000000e+00   3.3354663e+00
   2.1421421e-01   1.0000000e+00   3.3215245e+00
   2.1471471e-01   1.0000000e+00   3.3074864e+00
   2.1521522e-01   1.0000000e+00   3.2933614e+00
   2.1571572e-01   1.0000000e+00   3.2791591e+00
   2.1621622e-01   1.0000000e+00   3.2648888e+00
   2.1671672e-01   1.0000000e+00   3.2505600e+00
   2.1721722e-01   1.0000000e+00   3.2361820e+00
   2.1771772e-01   1.0000000e+00   3.2217643e+00
   2.1821822e-01   1.0000000e+00   3.2073160e+00
   2.1871872e-01   1.0000000e+00   3.1928464e+00
   2.1921922e-01   1.0000000e+00   3.1783648e+00
   2.1971972e-01   1.0000000e+00   3.1638802e+00
   2.2022022e-01   1.0000000e+00   3.1494017e+00
   2.2072072e-01   1.0000000e+00   3.1349382e+00
   2.2122122e-01   1.0000000e+00   3.1204988e+00
   2.2172172e-01   1.0000000e+00   3.1060922e+00
   2.2222222e-01   1.0000000e+00   3.0917271e+00
   2.2272272e-01   1.0000000e+00   3.0774123e+00
   2.2322322e-01   1.0000000e+00   3.0631562e+00
   2.2372372e-01   1.0000000e+00   3.0489674e+00
   2.2422422e-01   1.0000000e+00   3.0348542e+00
   2.2472472e-01   1.0000000e+00   3.0208247e+00
   2.2522523e-01   1.0000000e+00   3.0068872e+00
   2.2572573e-01   1.0000000e+00   2.9930496e+00
   2.2622623e-01   1.0000000e+00   2.9793199e+00
   2.2672673e-01   1.0000000e+00   2.9657058e+00
   2.2722723e-01   1.0000000e+00   2.9522149e+00
   2.2772773e-01   1.0000000e+00   2.9388547e+00
   2.2822823e-01   1.0000000e+00   2.9256325e+00
   2.2872873e-01   1.0000000e+00   2.9125557e+00
   2.2922923e-01   1.0000000e+00   2.8996312e+00
   2.2972973e-01   1.0000000e+00   2.8868660e+00
   2.3023023e-01   1.0000000e+00   2.8742669e+00
   2.3073073e-01   1.0000000e+00   2.8618404e+00
   2.3123123e-01   1.0000000e+00   2.8495931e+00
   2.3173173e-01   1.0000000e+00   2.8375312e+00
   2.3223223e-01   1.0000000e+00   2.8256609e+00
   2.3273273e-01   1.0000000e+00   2.8139882e+00
   2.3323323e-01   1.0000000e+00   2.8025188e+00
   2.3373373e-01   1.0000000e+00   2.7912583e+00
   2.3423423e-01   1.0000000e+00   2.7802124e+00
   2.3473473e-01   1.0000000e+00   2.7693861e+00
   2.3523524e-01   1.0000000e+00   2.7587847e+00
   2.3573574e-01   1.0000000e+00   2.7484131e+00
   2.3623624e-01   1.0000000e+00   2.7382761e+00
   2.3673674e-01   1.0000000e+00   2.7283781e+00
   2.3723724e-01   1.0000000e+00   2.7187236e+00
   2.3773774e-01   1.0000000e+00   2.7093168e+00
   2.3823824e-01   1.0000000e+00   2.7001617e+00
   2.3873874e-01   1.0000000e+00   2.6912622e+00
   2.3923924e-01   1.0000000e+00   2.6826218e+00
   2.3973974e-01   1.0000000e+00   2.6742441e+00
   2.4024024e-01   1.0000000e+00   2.6661322e+00
   2.4074074e-01   1.0000000e+00   2.6582893e+00
   2.4124124e-01   1.0000000e+00   2.6507183e+00
   2.4174174e-01   1.0000000e+00   2.6434218e+00
   2.4224224e-01   1.0000000e+00   2.6364023e+00
   2.4274274e-01   1.0000000e+00   2.6296622e+00
   2.4324324e-01   1.0000000e+00   2.6232035e+00
   2.4374374e-01   1.0000000e+00   2.6170282e+00
   2.4424424e-01   1.0000000e+00   2.6111380e+00
   2.4474474e-01   1.0000000e+00   2.6055345e+00
   2.4524525e-01   1.0000000e+00   2.6002190e+00
   2.4574575e-01   1.0000000e+00   2.5951926e+00
   2.4624625e-01   1.0000000e+00   2.5904564e+00
   2.4674675e-01   1.0000000e+00   2.5860111e+00
   2.4724725e-01   1.0000000e+00   2.5818574e+00
   2.4774775e-01   1.0000000e+00   2.5779956e+00
   2.4824825e-01   1.0000000e+00   2.5744259e+00
   2.4874875e-01   1.0000000e+00   2.5711485e+00
   2.4924925e-01   1.0000000e+00   2.5681631e+00
   2.4974975e-01   1.0000000e+00   2.5654694e+00
   2.5025025e-01   1.0000000e+00   2.5630670e+00
   2.5075075e-01   1.0000000e+00   2.5609552e+00
   2.5125125e-01   1.0000000e+00   2.5591330e+00
   2.5175175e-01   1.0000000e+00   2.5575996e+00
   2.5225225e-01   1.0000000e+00   2.5563536e+00
   2.5275275e-01   1.0000000e+00   2.5553937e+00
   2.5325325e-01   1.0000000e+00   2.5547183e+00
   2.5375375e-01   1.0000000e+00   2.5543258e+00
   2.5425425e-01   1.0000000e+00   2.5542143e+00
   2.5475475e-01   1.0000000e+00   2.5543818e+00
   2.5525526e-01   1.0000000e+00   2.5548259e+00
   2.5575576e-01   1.0000000e+00   2.5555446e+00
   2.5625626e-01   1.0000000e+00   2.5565351e+00
   2.5675676e-01   1.0000000e+00   2.5577948e+00
   2.5725726e-01   1.0000000e+00   2.5593211e+00
   2.5775776e-01   1.0000000e+00   2.5611108e+00
   2.5825826e-01   1.0000000e+00   2.5631610e+00
   2.5875876e-01   1.0000000e+00   2.5654684e+00
   2.5925926e-01   1.0000000e+00   2.5680296e+00
   2.5975976e-01   1.0000000e+00   2.5708411e+00
   2.6026026e-01   1.0000000e+00   2.5738994e+00
   2.6076076e-01   1.0000000e+00   2.5772006e+00
   2.6126126e-01   1.0000000e+00   2.5807409e+00
   2.6176176e-01   1.0000000e+00   2.5845163e+00
   2.6226226e-01   1.0000000e+00   2.5885226e+00
   2.6276276e-01   1.0000000e+00   2.5927557e+00
   2.6326326e-01   1.0000000e+00   2.5972112e+00
   2.6376376e-01   1.0000000e+00   2.6018847e+00
   2.6426426e-01   1.0000000e+00   2.6067716e+00
   2.6476476e-01   1.0000000e+00   2.6118673e+00
   2.6526527e-01   1.0000000e+00   2.6171670e+00
   2.6576577e-01   1.0000000e+00   2.6226659e+00
   2.6626627e-01   1.0000000e+00   2.6283590e+00
   2.6676677e-01   1.0000000e+00   2.6342415e+00
   2.6726727e-01   1.0000000e+00   2.6403081e+00
   2.6776777e-01   1.0000000e+00   2.6465538e+00
   2.6826827e-01   1.0000000e+00   2.6529733e+00
   2.6876877e-01   1.0000000e+00   2.6595612e+00
   2.6926927e-01   1.0000000e+00   2.6663123e+00
   2.6976977e-01   1.0000000e+00   2.6732211e+00
   2.7027027e-01   1.0000000e+00   2.6802820e+00
   2.7077077e-01   1.0000000e+00   2.6874896e+00
   2.7127127e-01   1.0000000e+00   2.6948383e+00
   2.7177177e-01   1.0000000e+00   2.7023224e+00
   2.7227227e-01   1.0000000e+00   2.7099362e+00
   2.7277277e-01   1.0000000e+00   2.7176740e+00
   2.7327327e-01   1.0000000e+00   2.7255301e+00
   2.7377377e-01   1.0000000e+00   2.7334987e+00
   2.7427427e-01   1.0000000e+00   2.7415739e+00
   2.7477477e-01   1.0000000e+00   2.7497500e+00
   2.7527528e-01   1.0000000e+00   2.7580211e+00
   2.7577578e-01   1.0000000e+00   2.7663812e+00
   2.7627628e-01   1.0000000e+00   2.7748246e+00
   2.7677678e-01   1.0000000e+00   2.7833452e+00
   2.7727728e-01   1.0000000e+00   2.7919374e+00
   2.7777778e-01   1.0000000e+00   2.8005950e+00
   2.7827828e-01   1.0000000e+00   2.8093123e+00
   2.7877878e-01   1.0000000e+00   2.8180834e+00
   2.7927928e-01   1.0000000e+00   2.8269024e+00
   2.7977978e-01   1.0000000e+00   2.8357634e+00
   2.8028028e-01   1.0000000e+00   2.8446606e+00
   2.8078078e-01   1.0000000e+00   2.8535881e+00
   2.8128128e-01   1.0000000e+00   2.8625403e+00
   2.8178178e-01   1.0000000e+00   2.8715112e+00
   2.8228228e-01   1.0000000e+00   2.8804952e+00
   2.8278278e-01   1.0000000e+00   2.8894865e+00
   2.8328328e-01   1.0000000e+00   2.8984796e+00
   2.8378378e-01   1.0000000e+00   2.9074687e+00
   2.8428428e-01   1.0000000e+00   2.9164483e+00
   2.8478478e-01   1.0000000e+00   2.9254129e+00
   2.8528529e-01   1.0000000e+00   2.9343570e+00
   2.8578579e-01   1.0000000e+00   2.9432751e+00
   2.8628629e-01   1.0000000e+00   2.9521619e+00
   2.8678679e-01   1.0000000e+00   2.9610121e+00
   2.8728729e-01   1.0000000e+00   2.9698204e+00
   2.8778779e-01   1.0000000e+00   2.9785817e+00
   2.8828829e-01   1.0000000e+00   2.9872908e+00
   2.8878879e-01   1.0000000e+00   2.9959427e+00
   2.8928929e-01   1.0000000e+00   3.0045324e+00
   2.8978979e-01   1.0000000e+00   3.0130550e+00
   2.9029029e-01   1.0000000e+00   3.0215057e+00
   2.9079079e-01   1.0000000e+00   3.0298799e+00
   2.9129129e-01   1.0000000e+00   3.0381727e+00
   2.9179179e-01   1.0000000e+00   3.0463797e+00
   2.9229229e-01   1.0000000e+00   3.0544964e+00
   2.9279279e-01   1.0000000e+00   3.0625184e+00
   2.9329329e-01   1.0000000e+00   3.0704414e+00
   2.9379379e-01   1.0000000e+00   3.0782611e+00
   2.9429429e-01   1.0000000e+00   3.0859736e+00
   2.9479479e-01   1.0000000e+00   3.0935747e+00
   2.9529530e-01   1.0000000e+00   3.1010606e+00
   2.9579580e-01   1.0000000e+00   3.1084275e+00
   2.9629630e-01   1.0000000e+00   3.1156716e+00
   2.9679680e-01   1.0000000e+00   3.1227894e+00
   2.9729730e-01   1.0000000e+00   3.1297773e+00
   2.9779780e-01   1.0000000e+00   3.1366320e+00
   2.9829830e-01   1.0000000e+00   3.1433502e+00
   2.9879880e-01   1.0000000e+00   3.1499287e+00
   2.9929930e-01   1.0000000e+00   3.1563645e+00
   2.9979980e-01   1.0000000e+00   3.1626546e+00
   3.0030030e-01   1.0000000e+00   3.1687962e+00
   3.0080080e-01   1.0000000e+00   3.1747865e+00
   3.0130130e-01   1.0000000e+00   3.1806230e+00
   3.0180180e-01   1.0000000e+00   3.1863031e+00
   3.0230230e-01   1.0000000e+00   3.1918245e+00
   3.0280280e-01   1.0000000e+00   3.1971850e+00
   3.0330330e-01   1.0000000e+00   3.2023823e+00
   3.0380380e-01   1.0000000e+00   3.2074145e+00
   3.0430430e-01   1.0000000e+00   3.2122797e+00
   3.0480480e-01   1.0000000e+00   3.2169760e+00
   3.0530531e-01   1.0000000e+00   3.2215018e+00
   3.0580581e-01   1.0000000e+00   3.2258557e+00
   3.0630631e-01   1.0000000e+00   3.2300360e+00
   3.0680681e-01   1.0000000e+00   3.2340416e+00
   3.0730731e-01   1.0000000e+00   3.2378711e+00
   3.0780781e-01   1.0000000e+00   3.2415237e+00
   3.0830831e-01   1.0000000e+00   3.2449982e+00
   3.0880881e-01   1.0000000e+00   3.2482939e+00
   3.0930931e-01   1.0000000e+00   3.2514101e+00
   3.0980981e-01   1.0000000e+00   3.2543461e+00
   3.1031031e-01   1.0000000e+00   3.2571014e+00
   3.1081081e-01   1.0000000e+00   3.2596758e+00
   3.1131131e-01   1.0000000e+00   3.2620689e+00
   3.1181181e-01   1.0000000e+00   3.2642806e+00
   3.1231231e-01   1.0000000e+00   3.2663109e+00
   3.1281281e-01   1.0000000e+00   3.2681598e+00
   3.1331331e-01   1.0000000e+00   3.2698276e+00
   3.1381381e-01   1.0000000e+00   3.2713146e+00
   3.1431431e-01   1.0000000e+00   3.2726212e+00
   3.1481481e-01   1.0000000e+00   3.2737480e+00
   3.1531532e-01   1.0000000e+00   3.2746956e+00
   3.1581582e-01   1.0000000e+00   3.2754646e+00
   3.1631632e-01   1.0000000e+00   3.2760561e+00
   3.1681682e-01   1.0000000e+00   3.2764710e+00
   3.1731732e-01   1.0000000e+00   3.2767102e+00
   3.1781782e-01   1.0000000e+00   3.2767750e+00
   3.1831832e-01   1.0000000e+00   3.2766667e+00
   3.1881882e-01   1.0000000e+00   3.2763866e+00
   3.1931932e-01   1.0000000e+00   3.2759361e+00
   3.1981982e-01   1.0000000e+00   3.2753169e+00
   3.2032032e-01   1.0000000e+00   3.2745305e+00
   3.2082082e-01   1.0000000e+00   3.2735787e+00
   3.2132132e-01   1.0000000e+00   3.2724634e+00
   3.2182182e-01   1.0000000e+00   3.2711864e+00
   3.2232232e-01   1.0000000e+00   3.2697498e+00
   3.2282282e-01   1.0000000e+00   3.2681557e+00
   3.2332332e-01   1.0000000e+00   3.2664062e+00
   3.2382382e-01   1.0000000e+00   3.2645035e+00
   3.2432432e-01   1.0000000e+00   3.2624501e+00
   3.2482482e-01   1.0000000e+00   3.2602483e+00
   3.2532533e-01   1.0000000e+00   3.2579006e+00
   3.2582583e-01   1.0000000e+00   3.2554096e+00
   3.2632633e-01   1.0000000e+00   3.2527778e+00
   3.2682683e-01   1.0000000e+00   3.2500080e+00
   3.2732733e-01   1.0000000e+00   3.2471030e+00
   3.2782783e-01   1.0000000e+00   3.2440656e+00
   3.2832833e-01   1.0000000e+00   3.2408986e+00
   3.2882883e-01   1.0000000e+00   3.2376050e+00
   3.2932933e-01   1.0000000e+00   3.2341877e+00
   3.2982983e-01   1.0000000e+00   3.2306500e+00
   3.3033033e-01   1.0000000e+00   3.2269948e+00
   3.3083083e-01   1.0000000e+00   3.2232253e+00
   3.3133133e-01   1.0000000e+00   3.2193448e+00
   3.3183183e-01   1.0000000e+00   3.2153564e+00
   3.3233233e-01   1.0000000e+00   3.2112636e+00
   3.3283283e-01   1.0000000e+00   3.2070695e+00
   3.3333333e-01   1.0000000e+00   3.2027776e+00
   3.3383383e-01   1.0000000e+00   3.1983913e+00
   3.3433433e-01   1.0000000e+00   3.1939140e+00
   3.3483483e-01   1.0000000e+00   3.1893493e+00
   3.3533534e-01   1.0000000e+00   3.1847006e+00
   3.3583584e-01   1.0000000e+00   3.1799714e+00
   3.3633634e-01   1.0000000e+00   3.1751652e+00
   3.3683684e-01   1.0000000e+00   3.1702858e+00
   3.3733734e-01   1.0000000e+00   3.1653366e+00
   3.3783784e-01   1.0000000e+00   3.1603213e+00
   3.3833834e-01   1.0000000e+00   3.1552435e+00
   3.3883884e-01   1.0000000e+00   3.1501068e+00
   3.3933934e-01   1.0000000e+00   3.1449149e+00
   3.3983984e-01   1.0000000e+00   3.1396714e+00
   3.4034034e-01   1.0000000e+00   3.1343799e+00
   3.4084084e-01   1.0000000e+00   3.1290442e+00
   3.4134134e-01   1.0000000e+00   3.1236680e+00
   3.4184184e-01   1.0000000e+00   3.1182547e+00
   3.4234234e-01   1.0000000e+00   3.1128082e+00
   3.4284284e-01   1.0000000e+00   3.1073321e+00
   3.4334334e-01   1.0000000e+00   3.1018299e+00
   3.4384384e-01   1.0000000e+00   3.0963054e+00
   3.4434434e-01   1.0000000e+00   3.0907621e+00
   3.4484484e-01   1.0000000e+00   3.0852036e+00
   3.4534535e-01   1.0000000e+00   3.0796336e+00
   3.4584585e-01   1.0000000e+00   3.0740555e+00
   3.4634635e-01   1.0000000e+00   3.0684730e+00
   3.4684685e-01   1.0000000e+00   3.0628895e+00
   3.4734735e-01   1.0000000e+00   3.0573085e+00
   3.4784785e-01   1.0000000e+00   3.0517335e+00
   3.4834835e-01   1.0000000e+00   3.0461679e+00
   3.4884885e-01   1.0000000e+00   3.0406152e+00
   3.4934935e-01   1.0000000e+00   3.0350786e+00
   3.4984985e-01   1.0000000e+00   3.0295616e+00
   3.5035035e-01   1.0000000e+00   3.0240674e+00
   3.5085085e-01   1.0000000e+00   3.0185993e+00
   3.5135135e-01   1.0000000e+00   3.0131604e+00
   3.5185185e-01   1.0000000e+00   3.0077541e+00
   3.5235235e-01   1.0000000e+00   3.0023833e+00
   3.5285285e-01   1.0000000e+00   2.9970512e+00
   3.5335335e-01   1.0000000e+00   2.9917609e+00
   3.5385385e-01   1.0000000e+00   2.9865152e+00
   3.5435435e-01   1.0000000e+00   2.9813172e+00
   3.5485485e-01   1.0000000e+00   2.9761697e+00
   3.5535536e-01   1.0000000e+00   2.9710756e+00
   3.5585586e-01   1.0000000e+00   2.9660377e+00
   3.5635636e-01   1.0000000e+00   2.9610586e+00
   3.5685686e-01   1.0000000e+00   2.9561410e+00
   3.5735736e-01   1.0000000e+00   2.9512876e+00
   3.5785786e-01   1.0000000e+00   2.9465009e+00
   3.5835836e-01   1.0000000e+00   2.9417834e+00
   3.5885886e-01   1.0000000e+00   2.9371374e+00
   3.5935936e-01   1.0000000e+00   2.9325654e+00
   3.5985986e-01   1.0000000e+00   2.9280697e+00
   3.6036036e-01   1.0000000e+00   2.9236525e+00
   3.6086086e-01   1.0000000e+00   2.9193160e+00
   3.6136136e-01   1.0000000e+00   2.9150622e+00
   3.6186186e-01   1.0000000e+00   2.9108933e+00
   3.6236236e-01   1.0000000e+00   2.9068111e+00
   3.6286286e-01   1.0000000e+00   2.9028176e+00
   3.6336336e-01   1.0000000e+00   2.8989146e+00
   3.6386386e-01   1.0000000e+00   2.8951038e+00
   3.6436436e-01   1.0000000e+00   2.8913870e+00
   3.6486486e-01   1.0000000e+00   2.8877657e+00
   3.6536537e-01   1.0000000e+00   2.8842416e+00
   3.6586587e-01   1.0000000e+00   2.8808160e+00
   3.6636637e-01   1.0000000e+00   2.8774904e+00
   3.6686687e-01   1.0000000e+00   2.8742661e+00
   3.6736737e-01   1.0000000e+00   2.8711444e+00
   3.6786787e-01   1.0000000e+00   2.8681264e+00
   3.6836837e-01   1.0000000e+00   2.8652132e+00
   3.6886887e-01   1.0000000e+00   2.8624060e+00
   3.6936937e-01   1.0000000e+00   2.8597055e+00
   3.6986987e-01   1.0000000e+00   2.8571128e+00
   3.7037037e-01   1.0000000e+00   2.8546287e+00
   3.7087087e-01   1.0000000e+00   2.8522538e+00
   3.7137137e-01   1.0000000e+00   2.8499888e+00
   3.7187187e-01   1.0000000e+00   2.8478344e+00
   3.7237237e-01   1.0000000e+00   2.8457910e+00
   3.7287287e-01   1.0000000e+00   2.8438591e+00
   3.7337337e-01   1.0000000e+00   2.8420390e+00
   3.7387387e-01   1.0000000e+00   2.8403312e+00
   3.7437437e-01   1.0000000e+00   2.8387357e+00
   3.7487487e-01   1.0000000e+00   2.8372527e+00
   3.7537538e-01   1.0000000e+00   2.8358824e+00
   3.7587588e-01   1.0000000e+00   2.8346247e+00
   3.7637638e-01   1.0000000e+00   2.8334796e+00
   3.7687688e-01   1.0000000e+00   2.8324470e+00
   3.7737738e-01   1.0000000e+00   2.8315266e+00
   3.7787788e-01   1.0000000e+00   2.8307182e+00
   3.7837838e-01   1.0000000e+00   2.8300214e+00
   3.7887888e-01   1.0000000e+00   2.8294359e+00
   3.7937938e-01   1.0000000e+00   2.8289612e+00
   3.7987988e-01   1.0000000e+00   2.8285968e+00
   3.8038038e-01   1.0000000e+00   2.8283420e+00
   3.8088088e-01   1.0000000e+00   2.8281962e+00
   3.8138138e-01   1.0000000e+00   2.8281587e+00
   3.8188188e-01   1.0000000e+00   2.8282287e+00
   3.8238238e-01   1.0000000e+00   2.8284053e+00
   3.8288288e-01   1.0000000e+00   2.8286877e+00
   3.8338338e-01   1.0000000e+00   2.8290748e+00
   3.8388388e-01   1.0000000e+00   2.8295656e+00
   3.8438438e-01   1.0000000e+00   2.8301592e+00
   3.8488488e-01   1.0000000e+00   2.8308542e+00
   3.8538539e-01   1.0000000e+00   2.8316495e+00
   3.8588589e-01   1.0000000e+00   2.8325440e+00
   3.8638639e-01   1.0000000e+00   2.8335362e+00
   3.8688689e-01   1.0000000e+00   2.8346249e+00
   3.8738739e-01   1.0000000e+00   2.8358086e+00
   3.8788789e-01   1.0000000e+00   2.8370858e+00
   3.8838839e-01   1.0000000e+00   2.8384552e+00
   3.8888889e-01   1.0000000e+00   2.8399151e+00
   3.8938939e-01   1.0000000e+00   2.8414639e+00
   3.8988989e-01   1.0000000e+00   2.8431001e+00
   3.9039039e-01   1.0000000e+00   2.8448219e+00
   3.9089089e-01   1.0000000e+00   2.8466277e+00
   3.9139139e-01   1.0000000e+00   2.8485156e+00
   3.9189189e-01   1.0000000e+00   2.8504839e+00
   3.9239239e-01   1.0000000e+00   2.8525308e+00
   3.9289289e-01   1.0000000e+00   2.8546544e+00
   3.9339339e-01   1.0000000e+00   2.8568527e+00
   3.9389389e-01   1.0000000e+00   2.8591239e+00
   3.9439439e-01   1.0000000e+00   2.8614661e+00
   3.9489489e-01   1.0000000e+00   2.8638771e+00
   3.9539540e-01   1.0000000e+00   2.8663550e+00
   3.9589590e-01   1.0000000e+00   2.8688978e+00
   3.9639640e-01   1.0000000e+00   2.8715034e+00
   3.9689690e-01   1.0000000e+00   2.8741696e+00
   3.9739740e-01   1.0000000e+00   2.8768944e+00
   3.9789790e-01   1.0000000e+00   2.8796756e+00
   3.9839840e-01   1.0000000e+00   2.8825110e+00
   3.9889890e-01   1.0000000e+00   2.8853986e+00
   3.9939940e-01   1.0000000e+00   2.8883361e+00
   3.9989990e-01   1.0000000e+00   2.8913212e+00
   4.0040040e-01   1.0000000e+00   2.8943519e+00
   4.0090090e-01   1.0000000e+00   2.8974257e+00
   4.0140140e-01   1.0000000e+00   2.9005406e+00
   4.0190190e-01   1.0000000e+00   2.9036942e+00
   4.0240240e-01   1.0000000e+00   2.9068844e+00
   4.0290290e-01   1.0000000e+00   2.9101087e+00
   4.0340340e-01   1.0000000e+00   2.9133650e+00
   4.0390390e-01   1.0000000e+00   2.9166511e+00
   4.0440440e-01   1.0000000e+00   2.9199645e+00
   4.0490490e-01   1.0000000e+00   2.9233031e+00
   4.0540541e-01   1.0000000e+00   2.9266646e+00
   4.0590591e-01   1.0000000e+00   2.9300466e+00
   4.0640641e-01   1.0000000e+00   2.9334471e+00
   4.0690691e-01   1.0000000e+00   2.9368636e+00
   4.0740741e-01   1.0000000e+00   2.9402939e+00
   4.0790791e-01   1.0000000e+00   2.9437359e+00
   4.0840841e-01   1.0000000e+00   2.9471872e+00
   4.0890891e-01   1.0000000e+00   2.9506456e+00
   4.0940941e-01   1.0000000e+00   2.9541089e+00
   4.0990991e-01   1.0000000e+00   2.9575750e+00
   4.1041041e-01   1.0000000e+00   2.9610416e+00
   4.1091091e-01   1.0000000e+00   2.9645067e+00
   4.1141141e-01   1.0000000e+00   2.9679679e+00
   4.1191191e-01   1.0000000e+00   2.9714232e+00
   4.1241241e-01   1.0000000e+00   2.9748705e+00
   4.1291291e-01   1.0000000e+00   2.9783077e+00
   4.1341341e-01   1.0000000e+00   2.9817328e+00
   4.1391391e-01   1.0000000e+00   2.9851436e+00
   4.1441441e-01   1.0000000e+00   2.9885381e+00
   4.1491491e-01   1.0000000e+00   2.9919145e+00
   4.1541542e-01   1.0000000e+00   2.9952706e+00
   4.1591592e-01   1.0000000e+00   2.9986045e+00
   4.1641642e-01   1.0000000e+00   3.0019144e+00
   4.1691692e-01   1.0000000e+00   3.0051984e+00
   4.1741742e-01   1.0000000e+00   3.0084546e+00
   4.1791792e-01   1.0000000e+00   3.0116811e+00
   4.1841842e-01   1.0000000e+00   3.0148762e+00
   4.1891892e-01   1.0000000e+00   3.0180381e+00
   4.1941942e-01   1.0000000e+00   3.0211651e+00
   4.1991992e-01   1.0000000e+00   3.0242555e+00
   4.2042042e-01   1.0000000e+00   3.0273077e+00
   4.2092092e-01   1.0000000e+00   3.0303200e+00
   4.2142142e-01   1.0000000e+00   3.0332909e+00
   4.2192192e-01   1.0000000e+00   3.0362188e+00
   4.2242242e-01   1.0000000e+00   3.0391022e+00
   4.2292292e-01   1.0000000e+00   3.0419396e+00
   4.2342342e-01   1.0000000e+00   3.0447296e+00
   4.2392392e-01   1.0000000e+00   3.0474709e+00
   4.2442442e-01   1.0000000e+00   3.0501620e+00
   4.2492492e-01   1.0000000e+00   3.0528017e+00
   4.2542543e-01   1.0000000e+00   3.0553888e+00
   4.2592593e-01   1.0000000e+00   3.0579219e+00
   4.2642643e-01   1.0000000e+00   3.0603999e+00
   4.2692693e-01   1.0000000e+00   3.0628218e+00
   4.2742743e-01   1.0000000e+00   3.0651863e+00
   4.2792793e-01   1.0000000e+00   3.0674925e+00
   4.2842843e-01   1.0000000e+00   3.0697393e+00
   4.2892893e-01   1.0000000e+00   3.0719258e+00
   4.2942943e-01   1.0000000e+00   3.0740511e+00
   4.2992993e-01   1.0000000e+00   3.0761142e+00
   4.3043043e-01   1.0000000e+00   3.0781145e+00
   4.3093093e-01   1.0000000e+00   3.0800511e+00
   4.3143143e-01   1.0000000e+00   3.0819232e+00
   4.3193193e-01   1.0000000e+00   3.0837303e+00
   4.3243243e-01   1.0000000e+00   3.0854715e+00
   4.3293293e-01   1.0000000e+00   3.0871465e+00
   4.3343343e-01   1.0000000e+00   3.0887545e+00
   4.3393393e-01   1.0000000e+00   3.0902951e+00
   4.3443443e-01   1.0000000e+00   3.0917679e+00
   4.3493493e-01   1.0000000e+00   3.0931724e+00
   4.3543544e-01   1.0000000e+00   3.0945083e+00
   4.3593594e-01   1.0000000e+00   3.0957752e+00
   4.3643644e-01   1.0000000e+00   3.0969729e+00
   4.3693694e-01   1.0000000e+00   3.0981012e+00
   4.3743744e-01   1.0000000e+00   3.0991598e+00
   4.3793794e-01   1.0000000e+00   3.1001486e+00
   4.3843844e-01   1.0000000e+00   3.1010675e+00
   4.3893894e-01   1.0000000e+00   3.1019166e+00
   4.3943944e-01   1.0000000e+00   3.1026957e+00
   4.3993994e-01   1.0000000e+00   3.1034048e+00
   4.4044044e-01   1.0000000e+00   3.1040442e+00
   4.4094094e-01   1.0000000e+00   3.1046139e+00
   4.4144144e-01   1.0000000e+00   3.1051140e+00
   4.4194194e-01   1.0000000e+00   3.1055449e+00
   4.4244244e-01   1.0000000e+00   3.1059066e+00
   4.4294294e-01   1.0000000e+00   3.1061996e+00
   4.4344344e-01   1.0000000e+00   3.1064242e+00
   4.4394394e-01   1.0000000e+00   3.1065806e+00
   4.4444444e-01   1.0000000e+00   3.1066694e+00
   4.4494494e-01   1.0000000e+00   3.1066910e+00
   4.4544545e-01   1.0000000e+00   3.1066459e+00
   4.4594595e-01   1.0000000e+00   3.1065346e+00
   4.4644645e-01   1.0000000e+00   3.1063576e+00
   4.4694695e-01   1.0000000e+00   3.1061156e+00
   4.4744745e-01   1.0000000e+00   3.1058092e+00
   4.4794795e-01   1.0000000e+00   3.1054391e+00
   4.4844845e-01   1.0000000e+00   3.1050060e+00
   4.4894895e-01   1.0000000e+00   3.1045106e+00
   4.4944945e-01   1.0000000e+00   3.1039537e+00
   4.4994995e-01   1.0000000e+00   3.1033362e+00
   4.5045045e-01   1.0000000e+00   3.1026588e+00
   4.5095095e-01   1.0000000e+00   3.1019223e+00
   4.5145145e-01   1.0000000e+00   3.1011279e+00
   4.5195195e-01   1.0000000e+00   3.1002762e+00
   4.5245245e-01   1.0000000e+00   3.0993684e+00
   4.5295295e-01   1.0000000e+00   3.0984054e+00
   4.5345345e-01   1.0000000e+00   3.0973882e+00
   4.5395395e-01   1.0000000e+00   3.0963178e+00
   4.5445445e-01   1.0000000e+00   3.0951954e+00
   4.5495495e-01   1.0000000e+00   3.0940219e+00
   4.5545546e-01   1.0000000e+00   3.0927986e+00
   4.5595596e-01   1.0000000e+00   3.0915265e+00
   4.5645646e-01   1.0000000e+00   3.0902069e+00
   4.5695696e-01   1.0000000e+00   3.0888408e+00
   4.5745746e-01   1.0000000e+00   3.0874295e+00
   4.5795796e-01   1.0000000e+00   3.0859743e+00
   4.5845846e-01   1.0000000e+00   3.0844763e+00
   4.5895896e-01   1.0000000e+00   3.0829368e+00
   4.5945946e-01   1.0000000e+00   3.0813570e+00
   4.5995996e-01   1.0000000e+00   3.0797383e+00
   4.6046046e-01   1.0000000e+00   3.0780820e+00
   4.6096096e-01   1.0000000e+00   3.0763894e+00
   4.6146146e-01   1.0000000e+00   3.0746617e+00
   4.6196196e-01   1.0000000e+00   3.0729004e+00
   4.6246246e-01   1.0000000e+00   3.0711068e+00
   4.6296296e-01   1.0000000e+00   3.0692823e+00
   4.6346346e-01   1.0000000e+00   3.0674281e+00
   4.6396396e-01   1.0000000e+00   3.0655458e+00
   4.6446446e-01   1.0000000e+00   3.0636367e+00
   4.6496496e-01   1.0000000e+00   3.0617021e+00
   4.6546547e-01   1.0000000e+00   3.0597435e+00
   4.6596597e-01   1.0000000e+00   3.0577623e+00
   4.6646647e-01   1.0000000e+00   3.0557599e+00
   4.6696697e-01   1.0000000e+00   3.0537376e+00
   4.6746747e-01   1.0000000e+00   3.0516970e+00
   4.6796797e-01   1.0000000e+00   3.0496393e+00
   4.6846847e-01   1.0000000e+00   3.0475661e+00
   4.6896897e-01   1.0000000e+00   3.0454788e+00
   4.6946947e-01   1.0000000e+00   3.0433786e+00
   4.6996997e-01   1.0000000e+00   3.0412671e+00
   4.7047047e-01   1.0000000e+00   3.0391457e+00
   4.7097097e-01   1.0000000e+00   3.0370157e+00
   4.7147147e-01   1.0000000e+00   3.0348785e+00
   4.7197197e-01   1.0000000e+00   3.0327356e+00
   4.7247247e-01   1.0000000e+00   3.0305882e+00
   4.7297297e-01   1.0000000e+00   3.0284379e+00
   4.7347347e-01   1.0000000e+00   3.0262859e+00
   4.7397397e-01   1.0000000e+00   3.0241335e+00
   4.7447447e-01   1.0000000e+00   3.0219823e+00
   4.7497497e-01   1.0000000e+00   3.0198334e+00
   4.7547548e-01   1.0000000e+00   3.0176881e+00
   4.7597598e-01   1.0000000e+00   3.0155480e+00
   4.7647648e-01   1.0000000e+00   3.0134141e+00
   4.7697698e-01   1.0000000e+00   3.0112878e+00
   4.7747748e-01   1.0000000e+00   3.0091703e+00
   4.7797798e-01   1.0000000e+00   3.0070630e+00
   4.7847848e-01   1.0000000e+00   3.0049671e+00
   4.7897898e-01   1.0000000e+00   3.0028837e+00
   4.7947948e-01   1.0000000e+00   3.0008141e+00
   4.7997998e-01   1.0000000e+00   2.9987594e+00
   4.8048048e-01   1.0000000e+00   2.9967210e+00
   4.8098098e-01   1.0000000e+00   2.9946998e+00
   4.8148148e-01   1.0000000e+00   2.9926970e+00
   4.8198198e-01   1.0000000e+00   2.9907138e+00
   4.8248248e-01   1.0000000e+00   2.9887511e+00
   4.8298298e-01   1.0000000e+00   2.9868102e+00
   4.8348348e-01   1.0000000e+00   2.9848921e+00
   4.8398398e-01   1.0000000e+00   2.9829977e+00
   4.8448448e-01   1.0000000e+00   2.9811281e+00
   4.8498498e-01   1.0000000e+00   2.9792842e+00
   4.8548549e-01   1.0000000e+00   2.9774671e+00
   4.8598599e-01   1.0000000e+00   2.9756776e+00
   4.8648649e-01   1.0000000e+00   2.9739166e+00
   4.8698699e-01   1.0000000e+00   2.9721851e+00
   4.8748749e-01   1.0000000e+00   2.9704839e+00
   4.8798799e-01   1.0000000e+00   2.9688139e+00
   4.8848849e-01   1.0000000e+00   2.9671758e+00
   4.8898899e-01   1.0000000e+00   2.9655704e+00
   4.8948949e-01   1.0000000e+00   2.9639985e+00
   4.8998999e-01   1.0000000e+00   2.9624608e+00
   4.9049049e-01   1.0000000e+00   2.9609581e+00
   4.9099099e-01   1.0000000e+00   2.9594909e+00
   4.9149149e-01   1.0000000e+00   2.9580600e+00
   4.9199199e-01   1.0000000e+00   2.9566660e+00
   4.9249249e-01   1.0000000e+00   2.9553094e+00
   4.9299299e-01   1.0000000e+00   2.9539909e+00
   4.9349349e-01   1.0000000e+00   2.9527109e+00
   4.9399399e-01   1.0000000e+00   2.9514700e+00
   4.9449449e-01   1.0000000e+00   2.9502686e+00
   4.9499499e-01   1.0000000e+00   2.9491073e+00
   4.9549550e-01   1.0000000e+00   2.9479864e+00
   4.9599600e-01   1.0000000e+00   2.9469063e+00
   4.9649650e-01   1.0000000e+00   2.9458674e+00
   4.9699700e-01   1.0000000e+00   2.9448701e+00
   4.9749750e-01   1.0000000e+00   2.9439146e+00
   4.9799800e-01   1.0000000e+00   2.9430013e+00
   4.9849850e-01   1.0000000e+00   2.9421303e+00
   4.9899900e-01   1.0000000e+00   2.9413020e+00
   4.9949950e-01   1.0000000e+00   2.9405165e+00
   5.0000000e-01   1.0000000e+00   2.9397740e+00
