   0.0000000e+00   4.0000000e+01   1.0000000e+01   0.0000000e+00   0.0000000e+00   0.0000000e+00
   5.0000000e-02   4.0000000e+01   2.0000000e+01   0.0000000e+00   0.0000000e+00   0.0000000e+00
   1.0000000e-01   4.0000000e+01   3.0000000e+01   0.0000000e+00   0.0000000e+00   0.0000000e+00
   1.5000000e-01   4.0000000e+01   4.0000000e+01   0.0000000e+00   0.0000000e+00   0.0000000e+00
   2.0000000e-01   4.0000000e+01   5.0000000e+01   0.0000000e+00   0.0000000e+00   0.0000000e+00
   2.5000000e-01   4.0000000e+01   6.0000000e+01   0.0000000e+00   0.0000000e+00   0.0000000e+00
   3.0000000e-01   4.0000000e+01   7.0000000e+01   0.0000000e+00   0.0000000e+00   0.0000000e+00
   3.5000000e-01   4.0000000e+01   7.2030000e+01   0.0000000e+00   0.0000000e+00   0.0000000e+00
   4.0000000e-01   4.0000000e+01   7.2030000e+01   0.0000000e+00   0.0000000e+00   0.0000000e+00
   4.5000000e-01   4.0000000e+01   7.2030000e+01   1.0000000e+00   0.0000000e+00   0.0000000e+00
   5.0000000e-01   4.0000000e+01   7.2030000e+01   2.0000000e+00   0.0000000e+00   0.0000000e+00
   5.5000000e-01   4.0000000e+01   7.2030000e+01   4.0000000e+00   0.0000000e+00   0.0000000e+00
   6.0000000e-01   4.0000000e+01   7.2030000e+01   5.0000000e+00   0.0000000e+00   0.0000000e+00
   6.5000000e-01   4.0000000e+01   7.2030000e+01   7.0000000e+00   0.0000000e+00   0.0000000e+00
   7.0000000e-01   4.0000000e+01   7.2030000e+01   8.0000000e+00   0.0000000e+00   0.0000000e+00
   7.5000000e-01   4.0000000e+01   7.2030000e+01   9.0000000e+00   0.0000000e+00   0.0000000e+00
   8.0000000e-01   4.0000000e+01   7.2030000e+01   1.0000000e+01   0.0000000e+00   0.0000000e+00
   8.5000000e-01   4.0000000e+01   7.2030000e+01   1.1000000e+01   0.0000000e+00   0.0000000e+00
   9.0000000e-01   4.0000000e+01   7.2030000e+01   1.2000000e+01   0.0000000e+00   0.0000000e+00
   9.5000000e-01   4.0000000e+01   7.2030000e+01   1.3000000e+01   0.0000000e+00   0.0000000e+00
   1.0000000e+00   4.0000000e+01   7.2030000e+01   1.3000000e+01   0.0000000e+00   0.0000000e+00
   1.0500000e+00   4.0000000e+01   7.2030000e+01   1.4000000e+01   0.0000000e+00   0.0000000e+00
   1.1000000e+00   4.0000000e+01   7.2030000e+01   1.5000000e+01   0.0000000e+00   0.0000000e+00
   1.1500000e+00   4.0000000e+01   7.2030000e+01   1.6000000e+01   0.0000000e+00   0.0000000e+00
   1.1900000e+00   4.0000000e+01   7.2030000e+01   1.6000000e+01   0.0000000e+00   0.0000000e+00
   1.2400000e+00   4.0000000e+01   7.2030000e+01   1.7000000e+01   0.0000000e+00   0.0000000e+00
   1.2900000e+00   4.0000000e+01   7.2030000e+01   1.8000000e+01   0.0000000e+00   0.0000000e+00
   1.3400000e+00   4.0000000e+01   7.2030000e+01   1.8000000e+01   0.0000000e+00   0.0000000e+00
   1.3900000e+00   4.0000000e+01   7.2030000e+01   1.9000000e+01   0.0000000e+00   0.0000000e+00
   1.4400000e+00   4.0000000e+01   7.2030000e+01   2.0000000e+01   0.0000000e+00   0.0000000e+00
   1.4900000e+00   4.0000000e+01   7.2030000e+01   2.0000000e+01   0.0000000e+00   0.0000000e+00
   1.5400000e+00   4.0000000e+01   7.2030000e+01   2.1000000e+01   0.0000000e+00   0.0000000e+00
   1.5900000e+00   4.0000000e+01   7.2030000e+01   2.1000000e+01   0.0000000e+00   0.0000000e+00
   1.6400000e+00   4.0000000e+01   7.2030000e+01   2.2000000e+01   0.0000000e+00   0.0000000e+00
   1.6900000e+00   4.0000000e+01   7.2030000e+01   2.2000000e+01   0.0000000e+00   0.0000000e+00
   1.7400000e+00   4.0000000e+01   7.2030000e+01   2.3000000e+01   0.0000000e+00   0.0000000e+00
   1.7900000e+00   4.0000000e+01   7.2030000e+01   2.3000000e+01   0.0000000e+00   0.0000000e+00
   1.8400000e+00   4.0000000e+01   7.2030000e+01   2.4000000e+01   0.0000000e+00   0.0000000e+00
   1.8900000e+00   4.0000000e+01   7.2030000e+01   2.4000000e+01   0.0000000e+00   0.0000000e+00
   1.9400000e+00   4.0000000e+01   7.2030000e+01   2.4000000e+01   0.0000000e+00   0.0000000e+00
   1.9900000e+00   4.0000000e+01   7.2030000e+01   2.5000000e+01   0.0000000e+00   0.0000000e+00
   2.0400000e+00   4.0000000e+01   7.2030000e+01   2.5000000e+01   0.0000000e+00   0.0000000e+00
   2.0900000e+00   4.0000000e+01   7.2030000e+01   2.5000000e+01   0.0000000e+00   0.0000000e+00
   2.1400000e+00   4.0000000e+01   7.2030000e+01   2.5000000e+01   0.0000000e+00   0.0000000e+00
   2.1900000e+00   4.0000000e+01   7.2030000e+01   2.6000000e+01   0.0000000e+00   0.0000000e+00
   2.2400000e+00   4.0000000e+01   7.2030000e+01   2.6000000e+01   0.0000000e+00   0.0000000e+00
   2.2900000e+00   4.0000000e+01   7.2030000e+01   2.6000000e+01   0.0000000e+00   0.0000000e+00
   2.3400000e+00   4.0000000e+01   7.2030000e+01   2.6000000e+01   0.0000000e+00   0.0000000e+00
   2.3900000e+00   4.0000000e+01   7.2030000e+01   2.7000000e+01   0.0000000e+00   0.0000000e+00
   2.4400000e+00   4.0000000e+01   7.2030000e+01   2.7000000e+01   0.0000000e+00   0.0000000e+00
   2.4900000e+00   4.0000000e+01   7.2030000e+01   2.7000000e+01   0.0000000e+00   0.0000000e+00
   2.5400000e+00   4.0000000e+01   7.2030000e+01   2.8000000e+01   0.0000000e+00   0.0000000e+00
   2.5900000e+00   4.0000000e+01   7.2030000e+01   2.8000000e+01   0.0000000e+00   0.0000000e+00
   2.6400000e+00   4.0000000e+01   7.2030000e+01   2.8000000e+01   0.0000000e+00   0.0000000e+00
   2.6900000e+00   4.0000000e+01   7.2030000e+01   2.9000000e+01   0.0000000e+00   0.0000000e+00
   2.7400000e+00   4.0000000e+01   7.2030000e+01   2.9000000e+01   0.0000000e+00   0.0000000e+00
   2.7900000e+00   4.0000000e+01   7.2030000e+01   2.9000000e+01   0.0000000e+00   0.0000000e+00
   2.8400000e+00   4.0000000e+01   7.2030000e+01   2.9000000e+01   0.0000000e+00   0.0000000e+00
   2.8900000e+00   4.0000000e+01   7.2030000e+01   3.0000000e+01   0.0000000e+00   0.0000000e+00
   2.9400000e+00   4.0000000e+01   7.2030000e+01   3.0000000e+01   0.0000000e+00   0.0000000e+00
   2.9900000e+00   4.0000000e+01   7.2030000e+01   3.0000000e+01   0.0000000e+00   0.0000000e+00
   3.0400000e+00   4.0000000e+01   7.2030000e+01   3.0000000e+01   0.0000000e+00   0.0000000e+00
   3.0900000e+00   4.0000000e+01   7.2030000e+01   3.0000000e+01   0.0000000e+00   0.0000000e+00
   3.1400000e+00   4.0000000e+01   7.2030000e+01   3.0000000e+01   0.0000000e+00   0.0000000e+00
   3.1900000e+00   4.0000000e+01   7.2030000e+01   3.0000000e+01   0.0000000e+00   0.0000000e+00
   3.2400000e+00   4.0000000e+01   7.2030000e+01   3.0000000e+01   0.0000000e+00   0.0000000e+00
   3.2900000e+00   4.0000000e+01   7.2030000e+01   3.1000000e+01   0.0000000e+00   0.0000000e+00
   3.3400000e+00   4.0000000e+01   7.2030000e+01   3.1000000e+01   0.0000000e+00   0.0000000e+00
   3.3900000e+00   4.0000000e+01   7.2030000e+01   3.1000000e+01   0.0000000e+00   0.0000000e+00
   3.4400000e+00   4.0000000e+01   7.2030000e+01   3.1000000e+01   0.0000000e+00   0.0000000e+00
   3.4900000e+00   4.0000000e+01   7.2030000e+01   3.1000000e+01   0.0000000e+00   0.0000000e+00
   3.5400000e+00   4.0000000e+01   7.2030000e+01   3.2000000e+01   0.0000000e+00   0.0000000e+00
   3.5900000e+00   4.0000000e+01   7.2030000e+01   3.2000000e+01   0.0000000e+00   0.0000000e+00
   3.6400000e+00   4.0000000e+01   7.2030000e+01   3.2000000e+01   0.0000000e+00   0.0000000e+00
   3.6900000e+00   4.0000000e+01   7.2030000e+01   3.2000000e+01   0.0000000e+00   0.0000000e+00
   3.7400000e+00   4.0000000e+01   7.2030000e+01   3.2000000e+01   0.0000000e+00   0.0000000e+00
   3.7900000e+00   4.0000000e+01   7.2030000e+01   3.2000000e+01   0.0000000e+00   0.0000000e+00
   3.8400000e+00   4.0000000e+01   7.2030000e+01   3.2000000e+01   0.0000000e+00   0.0000000e+00
   3.8900000e+00   4.0000000e+01   7.2030000e+01   3.2000000e+01   0.0000000e+00   0.0000000e+00
   3.9400000e+00   4.0000000e+01   7.2030000e+01   3.2000000e+01   0.0000000e+00   0.0000000e+00
   3.9900000e+00   4.0000000e+01   7.2030000e+01   3.2000000e+01   0.0000000e+00   0.0000000e+00
   4.0400000e+00   4.0000000e+01   7.2030000e+01   3.3000000e+01   0.0000000e+00   0.0000000e+00
   4.0900000e+00   4.0000000e+01   7.2030000e+01   3.3000000e+01   0.0000000e+00   0.0000000e+00
   4.1400000e+00   4.0000000e+01   7.2030000e+01   3.3000000e+01   0.0000000e+00   0.0000000e+00
   4.1900000e+00   4.0000000e+01   7.2030000e+01   3.3000000e+01   0.0000000e+00   0.0000000e+00
   4.2400000e+00   4.0000000e+01   7.2030000e+01   3.3000000e+01   0.0000000e+00   0.0000000e+00
   4.2900000e+00   4.0000000e+01   7.2030000e+01   3.3000000e+01   0.0000000e+00   0.0000000e+00
   4.3400000e+00   4.0000000e+01   7.2030000e+01   3.4000000e+01   0.0000000e+00   0.0000000e+00
   4.3900000e+00   4.0000000e+01   7.2030000e+01   3.4000000e+01   0.0000000e+00   0.0000000e+00
   4.4400000e+00   4.0000000e+01   7.2030000e+01   3.4000000e+01   0.0000000e+00   0.0000000e+00
   4.4900000e+00   4.0000000e+01   7.2030000e+01   3.4000000e+01   0.0000000e+00   0.0000000e+00
   4.5400000e+00   4.0000000e+01   7.2030000e+01   3.4000000e+01   0.0000000e+00   0.0000000e+00
   4.5900000e+00   4.0000000e+01   7.2030000e+01   3.4000000e+01   0.0000000e+00   0.0000000e+00
   4.6400000e+00   4.0000000e+01   7.2030000e+01   3.4000000e+01   0.0000000e+00   0.0000000e+00
   4.6900000e+00   4.0000000e+01   7.2030000e+01   3.4000000e+01   0.0000000e+00   0.0000000e+00
   4.7500000e+00   4.0000000e+01   7.2030000e+01   3.4000000e+01   0.0000000e+00   0.0000000e+00
   4.8000000e+00   4.0000000e+01   7.2030000e+01   3.4000000e+01   0.0000000e+00   0.0000000e+00
   4.8500000e+00   4.0000000e+01   7.2030000e+01   3.4000000e+01   0.0000000e+00   0.0000000e+00
   4.9000000e+00   4.0000000e+01   7.2030000e+01   3.4000000e+01   0.0000000e+00   0.0000000e+00
   4.9500000e+00   4.0000000e+01   7.2030000e+01   3.4000000e+01   0.0000000e+00   0.0000000e+00
   5.0000000e+00   4.0000000e+01   7.2030000e+01   3.5000000e+01   0.0000000e+00   0.0000000e+00
   5.0500000e+00   4.0000000e+01   7.2030000e+01   3.5000000e+01   0.0000000e+00   0.0000000e+00
   5.1000000e+00   4.0000000e+01   7.2030000e+01   3.5000000e+01   0.0000000e+00   0.0000000e+00
   5.1500000e+00   4.0000000e+01   7.2030000e+01   3.5000000e+01   0.0000000e+00   0.0000000e+00
   5.2000000e+00   4.0000000e+01   7.2030000e+01   3.5000000e+01   0.0000000e+00   0.0000000e+00
   5.2500000e+00   4.0000000e+01   7.2030000e+01   3.5000000e+01   0.0000000e+00   0.0000000e+00
   5.3000000e+00   4.0000000e+01   7.2030000e+01   3.5000000e+01   0.0000000e+00   0.0000000e+00
   5.3500000e+00   4.0000000e+01   7.2030000e+01   3.5000000e+01   0.0000000e+00   0.0000000e+00
   5.4000000e+00   4.0000000e+01   7.2030000e+01   3.5000000e+01   0.0000000e+00   0.0000000e+00
   5.4500000e+00   4.0000000e+01   7.2030000e+01   3.5000000e+01   0.0000000e+00   0.0000000e+00
   5.5000000e+00   4.0000000e+01   7.2030000e+01   3.5000000e+01   0.0000000e+00   0.0000000e+00
   5.5500000e+00   4.0000000e+01   7.2030000e+01   3.5000000e+01   0.0000000e+00   0.0000000e+00
   5.6000000e+00   4.0000000e+01   7.2030000e+01   3.5000000e+01   0.0000000e+00   0.0000000e+00
   5.6500000e+00   4.0000000e+01   7.2030000e+01   3.5000000e+01   0.0000000e+00   0.0000000e+00
   5.7000000e+00   4.0000000e+01   7.2030000e+01   3.5000000e+01   0.0000000e+00   0.0000000e+00
   5.7500000e+00   4.0000000e+01   7.2030000e+01   3.6000000e+01   0.0000000e+00   0.0000000e+00
   5.8000000e+00   4.0000000e+01   7.2030000e+01   3.6000000e+01   0.0000000e+00   0.0000000e+00
   5.8500000e+00   4.0000000e+01   7.2030000e+01   3.6000000e+01   0.0000000e+00   0.0000000e+00
   5.9000000e+00   4.0000000e+01   7.2030000e+01   3.6000000e+01   0.0000000e+00   0.0000000e+00
   5.9500000e+00   4.0000000e+01   7.2030000e+01   3.6000000e+01   0.0000000e+00   0.0000000e+00
   6.0000000e+00   4.0000000e+01   7.2030000e+01   3.6000000e+01   0.0000000e+00   0.0000000e+00
   6.0500000e+00   4.0000000e+01   7.2030000e+01   3.6000000e+01   0.0000000e+00   0.0000000e+00
   6.1000000e+00   4.0000000e+01   7.2030000e+01   3.6000000e+01   0.0000000e+00   0.0000000e+00
   6.1500000e+00   4.0000000e+01   7.2030000e+01   3.6000000e+01   0.0000000e+00   0.0000000e+00
   6.2000000e+00   4.0000000e+01   7.2030000e+01   3.6000000e+01   0.0000000e+00   0.0000000e+00
   6.2500000e+00   4.0000000e+01   7.2030000e+01   3.6000000e+01   0.0000000e+00   0.0000000e+00
   6.3000000e+00   4.0000000e+01   7.2030000e+01   3.6000000e+01   0.0000000e+00   0.0000000e+00
   6.3500000e+00   4.0000000e+01   7.2030000e+01   3.6000000e+01   0.0000000e+00   0.0000000e+00
   6.4000000e+00   4.0000000e+01   7.2030000e+01   3.6000000e+01   0.0000000e+00   0.0000000e+00
   6.4500000e+00   4.0000000e+01   7.2030000e+01   3.6000000e+01   0.0000000e+00   0.0000000e+00
   6.5000000e+00   4.0000000e+01   7.2030000e+01   3.6000000e+01   0.0000000e+00   0.0000000e+00
   6.5500000e+00   4.0000000e+01   7.2030000e+01   3.7000000e+01   0.0000000e+00   0.0000000e+00
   6.6000000e+00   4.0000000e+01   7.2030000e+01   3.7000000e+01   0.0000000e+00   0.0000000e+00
   6.6500000e+00   4.0000000e+01   7.2030000e+01   3.7000000e+01   0.0000000e+00   0.0000000e+00
   6.7000000e+00   4.0000000e+01   7.2030000e+01   3.7000000e+01   0.0000000e+00   0.0000000e+00
   6.7500000e+00   4.0000000e+01   7.2030000e+01   3.7000000e+01   0.0000000e+00   0.0000000e+00
   6.8000000e+00   4.0000000e+01   7.2030000e+01   3.7000000e+01   0.0000000e+00   0.0000000e+00
   6.8500000e+00   4.0000000e+01   7.2030000e+01   3.7000000e+01   0.0000000e+00   0.0000000e+00
   6.9000000e+00   4.0000000e+01   7.2030000e+01   3.7000000e+01   0.0000000e+00   0.0000000e+00
   6.9500000e+00   4.0000000e+01   7.2030000e+01   3.7000000e+01   0.0000000e+00   0.0000000e+00
   7.0000000e+00   4.0000000e+01   7.2030000e+01   3.7000000e+01   0.0000000e+00   0.0000000e+00
   7.0500000e+00   4.0000000e+01   7.2030000e+01   3.7000000e+01   0.0000000e+00   0.0000000e+00
   7.1000000e+00   4.0000000e+01   7.2030000e+01   3.7000000e+01   0.0000000e+00   0.0000000e+00
   7.1500000e+00   4.0000000e+01   7.2030000e+01   3.7000000e+01   0.0000000e+00   0.0000000e+00
   7.2000000e+00   4.0000000e+01   7.2030000e+01   3.7000000e+01   0.0000000e+00   0.0000000e+00
   7.2500000e+00   4.0000000e+01   7.2030000e+01   3.7000000e+01   0.0000000e+00   0.0000000e+00
   7.3000000e+00   4.0000000e+01   7.2030000e+01   3.7000000e+01   0.0000000e+00   0.0000000e+00
   7.3500000e+00   4.0000000e+01   7.2030000e+01   3.7000000e+01   0.0000000e+00   0.0000000e+00
   7.4000000e+00   4.0000000e+01   7.2030000e+01   3.7000000e+01   0.0000000e+00   0.0000000e+00
   7.4500000e+00   4.0000000e+01   7.2030000e+01   3.7000000e+01   0.0000000e+00   0.0000000e+00
   7.5000000e+00   4.0000000e+01   7.2030000e+01   3.7000000e+01   0.0000000e+00   0.0000000e+00
   7.5500000e+00   4.0000000e+01   7.2030000e+01   3.7000000e+01   0.0000000e+00   0.0000000e+00
   7.6000000e+00   4.0000000e+01   7.2030000e+01   3.7000000e+01   0.0000000e+00   0.0000000e+00
   7.6500000e+00   4.0000000e+01   7.2030000e+01   3.7000000e+01   0.0000000e+00   0.0000000e+00
   7.7000000e+00   4.0000000e+01   7.2030000e+01   3.7000000e+01   0.0000000e+00   0.0000000e+00
   7.7500000e+00   4.0000000e+01   7.2030000e+01   3.7000000e+01   0.0000000e+00   0.0000000e+00
   7.8000000e+00   4.0000000e+01   7.2030000e+01   3.7000000e+01   0.0000000e+00   0.0000000e+00
   7.8500000e+00   4.0000000e+01   7.2030000e+01   3.7000000e+01   0.0000000e+00   0.0000000e+00
   7.9000000e+00   4.0000000e+01   7.2030000e+01   3.7000000e+01   0.0000000e+00   0.0000000e+00
   7.9500000e+00   4.0000000e+01   7.2030000e+01   3.8000000e+01   0.0000000e+00   0.0000000e+00
   8.0000000e+00   4.0000000e+01   7.2030000e+01   3.8000000e+01   0.0000000e+00   0.0000000e+00
   8.0500000e+00   4.0000000e+01   7.2030000e+01   3.8000000e+01   0.0000000e+00   0.0000000e+00
   8.1000000e+00   4.0000000e+01   7.2030000e+01   3.8000000e+01   0.0000000e+00   0.0000000e+00
   8.1500000e+00   4.0000000e+01   7.2030000e+01   3.8000000e+01   0.0000000e+00   0.0000000e+00
   8.2000000e+00   4.0000000e+01   7.2030000e+01   3.8000000e+01   0.0000000e+00   0.0000000e+00
   8.2500000e+00   4.0000000e+01   7.2030000e+01   3.8000000e+01   0.0000000e+00   0.0000000e+00
   8.3000000e+00   4.0000000e+01   7.2030000e+01   3.8000000e+01   0.0000000e+00   0.0000000e+00
   8.3500000e+00   4.0000000e+01   7.2030000e+01   3.8000000e+01   0.0000000e+00   0.0000000e+00
   8.4000000e+00   4.0000000e+01   7.2030000e+01   3.8000000e+01   0.0000000e+00   0.0000000e+00
   8.4500000e+00   4.0000000e+01   7.2030000e+01   3.8000000e+01   0.0000000e+00   0.0000000e+00
   8.5000000e+00   4.0000000e+01   7.2030000e+01   3.8000000e+01   0.0000000e+00   0.0000000e+00
   8.5500000e+00   4.0000000e+01   7.2030000e+01   3.8000000e+01   0.0000000e+00   0.0000000e+00
   8.6000000e+00   4.0000000e+01   7.2030000e+01   3.8000000e+01   0.0000000e+00   0.0000000e+00
   8.6500000e+00   4.0000000e+01   7.2030000e+01   3.8000000e+01   0.0000000e+00   0.0000000e+00
   8.7000000e+00   4.0000000e+01   7.2030000e+01   3.8000000e+01   0.0000000e+00   0.0000000e+00
   8.7500000e+00   4.0000000e+01   7.2030000e+01   3.8000000e+01   0.0000000e+00   0.0000000e+00
   8.8000000e+00   4.0000000e+01   7.2030000e+01   3.8000000e+01   0.0000000e+00   0.0000000e+00
   8.8500000e+00   4.0000000e+01   7.2030000e+01   3.8000000e+01   0.0000000e+00   0.0000000e+00
   8.9000000e+00   4.0000000e+01   7.2030000e+01   3.8000000e+01   0.0000000e+00   0.0000000e+00
   8.9500000e+00   4.0000000e+01   7.2030000e+01   3.8000000e+01   0.0000000e+00   0.0000000e+00
   9.0000000e+00   4.0000000e+01   7.2030000e+01   3.8000000e+01   0.0000000e+00   0.0000000e+00
   9.0500000e+00   4.0000000e+01   7.2030000e+01   3.8000000e+01   0.0000000e+00   0.0000000e+00
   9.1000000e+00   4.0000000e+01   7.2030000e+01   3.8000000e+01   0.0000000e+00   0.0000000e+00
   9.1500000e+00   4.0000000e+01   7.2030000e+01   3.8000000e+01   0.0000000e+00   0.0000000e+00
   9.2000000e+00   4.0000000e+01   7.2030000e+01   3.8000000e+01   0.0000000e+00   0.0000000e+00
   9.2500000e+00   4.0000000e+01   7.2030000e+01   3.8000000e+01   0.0000000e+00   0.0000000e+00
   9.3000000e+00   4.0000000e+01   7.2030000e+01   3.8000000e+01   0.0000000e+00   0.0000000e+00
   9.3500000e+00   4.0000000e+01   7.2030000e+01   3.9000000e+01   0.0000000e+00   0.0000000e+00
   9.4000000e+00   4.0000000e+01   7.2030000e+01   3.9000000e+01   0.0000000e+00   0.0000000e+00
   9.4500000e+00   4.0000000e+01   7.2030000e+01   3.9000000e+01   0.0000000e+00   0.0000000e+00
   9.5000000e+00   4.0000000e+01   7.2030000e+01   3.8000000e+01   0.0000000e+00   0.0000000e+00
   9.5500000e+00   4.0000000e+01   7.2030000e+01   3.8000000e+01   0.0000000e+00   0.0000000e+00
   9.6000000e+00   4.0000000e+01   7.2030000e+01   3.8000000e+01   0.0000000e+00   0.0000000e+00
   9.6500000e+00   4.0000000e+01   7.2030000e+01   3.8000000e+01   0.0000000e+00   0.0000000e+00
   9.7000000e+00   4.0000000e+01   7.2030000e+01   3.8000000e+01   0.0000000e+00   0.0000000e+00
   9.7500000e+00   4.0000000e+01   7.2030000e+01   3.8000000e+01   0.0000000e+00   0.0000000e+00
   9.8000000e+00   4.0000000e+01   7.2030000e+01   3.8000000e+01   0.0000000e+00   0.0000000e+00
   9.8500000e+00   4.0000000e+01   7.2030000e+01   3.9000000e+01   0.0000000e+00   0.0000000e+00
   9.9000000e+00   4.0000000e+01   7.2030000e+01   3.9000000e+01   0.0000000e+00   0.0000000e+00
   9.9500000e+00   4.0000000e+01   7.2030000e+01   3.9000000e+01   0.0000000e+00   0.0000000e+00
   1.0000000e+01   5.5000000e+01   8.2030000e+01   3.9000000e+01   0.0000000e+00   0.0000000e+00
   1.0050000e+01   5.5000000e+01   9.2030000e+01   3.9000000e+01   0.0000000e+00   0.0000000e+00
   1.0100000e+01   5.5000000e+01   9.9050000e+01   3.9000000e+01   0.0000000e+00   0.0000000e+00
   1.0150000e+01   5.5000000e+01   9.9050000e+01   3.9000000e+01   0.0000000e+00   0.0000000e+00
   1.0200000e+01   5.5000000e+01   9.9050000e+01   3.9000000e+01   0.0000000e+00   0.0000000e+00
   1.0250000e+01   5.5000000e+01   9.9050000e+01   3.9000000e+01   0.0000000e+00   0.0000000e+00
   1.0300000e+01   5.5000000e+01   9.9050000e+01   4.0000000e+01   0.0000000e+00   0.0000000e+00
   1.0350000e+01   5.5000000e+01   9.9050000e+01   4.0000000e+01   0.0000000e+00   0.0000000e+00
   1.0400000e+01   5.5000000e+01   9.9050000e+01   4.1000000e+01   0.0000000e+00   0.0000000e+00
   1.0450000e+01   5.5000000e+01   9.9050000e+01   4.1000000e+01   0.0000000e+00   0.0000000e+00
   1.0500000e+01   5.5000000e+01   9.9050000e+01   4.2000000e+01   0.0000000e+00   0.0000000e+00
   1.0550000e+01   5.5000000e+01   9.9050000e+01   4.2000000e+01   0.0000000e+00   0.0000000e+00
   1.0600000e+01   5.5000000e+01   9.9050000e+01   4.3000000e+01   0.0000000e+00   0.0000000e+00
   1.0650000e+01   5.5000000e+01   9.9050000e+01   4.3000000e+01   0.0000000e+00   0.0000000e+00
   1.0700000e+01   5.5000000e+01   9.9050000e+01   4.4000000e+01   0.0000000e+00   0.0000000e+00
   1.0750000e+01   5.5000000e+01   9.9050000e+01   4.4000000e+01   0.0000000e+00   0.0000000e+00
   1.0800000e+01   5.5000000e+01   9.9050000e+01   4.4000000e+01   0.0000000e+00   0.0000000e+00
   1.0850000e+01   5.5000000e+01   9.9050000e+01   4.5000000e+01   0.0000000e+00   0.0000000e+00
   1.0900000e+01   5.5000000e+01   9.9050000e+01   4.5000000e+01   0.0000000e+00   0.0000000e+00
   1.0950000e+01   5.5000000e+01   9.9050000e+01   4.5000000e+01   0.0000000e+00   0.0000000e+00
   1.1000000e+01   5.5000000e+01   9.9050000e+01   4.6000000e+01   0.0000000e+00   0.0000000e+00
   1.1050000e+01   5.5000000e+01   9.9050000e+01   4.6000000e+01   0.0000000e+00   0.0000000e+00
   1.1100000e+01   5.5000000e+01   9.9050000e+01   4.6000000e+01   0.0000000e+00   0.0000000e+00
   1.1150000e+01   5.5000000e+01   9.9050000e+01   4.7000000e+01   0.0000000e+00   0.0000000e+00
   1.1200000e+01   5.5000000e+01   9.9050000e+01   4.7000000e+01   0.0000000e+00   0.0000000e+00
   1.1250000e+01   5.5000000e+01   9.9050000e+01   4.8000000e+01   0.0000000e+00   0.0000000e+00
   1.1300000e+01   5.5000000e+01   9.9050000e+01   4.8000000e+01   0.0000000e+00   0.0000000e+00
   1.1350000e+01   5.5000000e+01   9.9050000e+01   4.8000000e+01   0.0000000e+00   0.0000000e+00
   1.1400000e+01   5.5000000e+01   9.9050000e+01   4.8000000e+01   0.0000000e+00   0.0000000e+00
   1.1450000e+01   5.5000000e+01   9.9050000e+01   4.9000000e+01   0.0000000e+00   0.0000000e+00
   1.1500000e+01   5.5000000e+01   9.9050000e+01   4.9000000e+01   0.0000000e+00   0.0000000e+00
   1.1550000e+01   5.5000000e+01   9.9050000e+01   4.9000000e+01   0.0000000e+00   0.0000000e+00
   1.1600000e+01   5.5000000e+01   9.9050000e+01   4.9000000e+01   0.0000000e+00   0.0000000e+00
   1.1650000e+01   5.5000000e+01   9.9050000e+01   5.0000000e+01   0.0000000e+00   0.0000000e+00
   1.1700000e+01   5.5000000e+01   9.9050000e+01   5.0000000e+01   0.0000000e+00   0.0000000e+00
   1.1750000e+01   5.5000000e+01   9.9050000e+01   5.0000000e+01   0.0000000e+00   0.0000000e+00
   1.1800000e+01   5.5000000e+01   9.9050000e+01   5.0000000e+01   0.0000000e+00   0.0000000e+00
   1.1850000e+01   5.5000000e+01   9.9050000e+01   5.1000000e+01   0.0000000e+00   0.0000000e+00
   1.1900000e+01   5.5000000e+01   9.9050000e+01   5.1000000e+01   0.0000000e+00   0.0000000e+00
   1.1950000e+01   5.5000000e+01   9.9050000e+01   5.1000000e+01   0.0000000e+00   0.0000000e+00
   1.2000000e+01   5.5000000e+01   9.9050000e+01   5.1000000e+01   0.0000000e+00   0.0000000e+00
   1.2050000e+01   5.5000000e+01   9.9050000e+01   5.1000000e+01   0.0000000e+00   0.0000000e+00
   1.2100000e+01   5.5000000e+01   9.9050000e+01   5.2000000e+01   0.0000000e+00   0.0000000e+00
   1.2150000e+01   5.5000000e+01   9.9050000e+01   5.2000000e+01   0.0000000e+00   0.0000000e+00
   1.2200000e+01   5.5000000e+01   9.9050000e+01   5.2000000e+01   0.0000000e+00   0.0000000e+00
   1.2250000e+01   5.5000000e+01   9.9050000e+01   5.2000000e+01   0.0000000e+00   0.0000000e+00
   1.2300000e+01   5.5000000e+01   9.9050000e+01   5.2000000e+01   0.0000000e+00   0.0000000e+00
   1.2350000e+01   5.5000000e+01   9.9050000e+01   5.3000000e+01   0.0000000e+00   0.0000000e+00
   1.2400000e+01   5.5000000e+01   9.9050000e+01   5.3000000e+01   0.0000000e+00   0.0000000e+00
   1.2450000e+01   5.5000000e+01   9.9050000e+01   5.3000000e+01   0.0000000e+00   0.0000000e+00
   1.2500000e+01   5.5000000e+01   9.9050000e+01   5.3000000e+01   0.0000000e+00   0.0000000e+00
   1.2550000e+01   5.5000000e+01   9.9050000e+01   5.3000000e+01   0.0000000e+00   0.0000000e+00
   1.2600000e+01   5.5000000e+01   9.9050000e+01   5.3000000e+01   0.0000000e+00   0.0000000e+00
   1.2650000e+01   5.5000000e+01   9.9050000e+01   5.3000000e+01   0.0000000e+00   0.0000000e+00
   1.2700000e+01   5.5000000e+01   9.9050000e+01   5.4000000e+01   0.0000000e+00   0.0000000e+00
   1.2750000e+01   5.5000000e+01   9.9050000e+01   5.4000000e+01   0.0000000e+00   0.0000000e+00
   1.2800000e+01   5.5000000e+01   9.9050000e+01   5.4000000e+01   0.0000000e+00   0.0000000e+00
   1.2850000e+01   5.5000000e+01   9.9050000e+01   5.4000000e+01   0.0000000e+00   0.0000000e+00
   1.2900000e+01   5.5000000e+01   9.9050000e+01   5.4000000e+01   0.0000000e+00   0.0000000e+00
   1.2950000e+01   5.5000000e+01   9.9050000e+01   5.4000000e+01   0.0000000e+00   0.0000000e+00
   1.3000000e+01   5.5000000e+01   9.9050000e+01   5.4000000e+01   0.0000000e+00   0.0000000e+00
   1.3050000e+01   5.5000000e+01   9.9050000e+01   5.4000000e+01   0.0000000e+00   0.0000000e+00
   1.3100000e+01   5.5000000e+01   9.9050000e+01   5.5000000e+01   0.0000000e+00   0.0000000e+00
   1.3150000e+01   5.5000000e+01   9.9050000e+01   5.5000000e+01   0.0000000e+00   0.0000000e+00
   1.3200000e+01   5.5000000e+01   9.9050000e+01   5.5000000e+01   0.0000000e+00   0.0000000e+00
   1.3250000e+01   5.5000000e+01   9.9050000e+01   5.5000000e+01   0.0000000e+00   0.0000000e+00
   1.3300000e+01   5.5000000e+01   9.9050000e+01   5.5000000e+01   0.0000000e+00   0.0000000e+00
   1.3350000e+01   5.5000000e+01   9.9050000e+01   5.5000000e+01   0.0000000e+00   0.0000000e+00
   1.3400000e+01   5.5000000e+01   9.9050000e+01   5.5000000e+01   0.0000000e+00   0.0000000e+00
   1.3450000e+01   5.5000000e+01   9.9050000e+01   5.5000000e+01   0.0000000e+00   0.0000000e+00
   1.3500000e+01   5.5000000e+01   9.9050000e+01   5.5000000e+01   0.0000000e+00   0.0000000e+00
   1.3550000e+01   5.5000000e+01   9.9050000e+01   5.5000000e+01   0.0000000e+00   0.0000000e+00
   1.3600000e+01   5.5000000e+01   9.9050000e+01   5.5000000e+01   0.0000000e+00   0.0000000e+00
   1.3650000e+01   5.5000000e+01   9.9050000e+01   5.6000000e+01   0.0000000e+00   0.0000000e+00
   1.3700000e+01   5.5000000e+01   9.9050000e+01   5.6000000e+01   0.0000000e+00   0.0000000e+00
   1.3750000e+01   5.5000000e+01   9.9050000e+01   5.6000000e+01   0.0000000e+00   0.0000000e+00
   1.3800000e+01   5.5000000e+01   9.9050000e+01   5.6000000e+01   0.0000000e+00   0.0000000e+00
   1.3850000e+01   5.5000000e+01   9.9050000e+01   5.6000000e+01   0.0000000e+00   0.0000000e+00
   1.3900000e+01   5.5000000e+01   9.9050000e+01   5.6000000e+01   0.0000000e+00   0.0000000e+00
   1.3950000e+01   5.5000000e+01   9.9050000e+01   5.6000000e+01   0.0000000e+00   0.0000000e+00
   1.4000000e+01   5.5000000e+01   9.9050000e+01   5.6000000e+01   0.0000000e+00   0.0000000e+00
   1.4050000e+01   5.5000000e+01   9.9050000e+01   5.6000000e+01   0.0000000e+00   0.0000000e+00
   1.4100000e+01   5.5000000e+01   9.9050000e+01   5.6000000e+01   0.0000000e+00   0.0000000e+00
   1.4150000e+01   5.5000000e+01   9.9050000e+01   5.6000000e+01   0.0000000e+00   0.0000000e+00
   1.4200000e+01   5.5000000e+01   9.9050000e+01   5.6000000e+01   0.0000000e+00   0.0000000e+00
   1.4250000e+01   5.5000000e+01   9.9050000e+01   5.6000000e+01   0.0000000e+00   0.0000000e+00
   1.4300000e+01   5.5000000e+01   9.9050000e+01   5.6000000e+01   0.0000000e+00   0.0000000e+00
   1.4350000e+01   5.5000000e+01   9.9050000e+01   5.6000000e+01   0.0000000e+00   0.0000000e+00
   1.4400000e+01   5.5000000e+01   9.9050000e+01   5.6000000e+01   0.0000000e+00   0.0000000e+00
   1.4450000e+01   5.5000000e+01   9.9050000e+01   5.6000000e+01   0.0000000e+00   0.0000000e+00
   1.4500000e+01   5.5000000e+01   9.9050000e+01   5.7000000e+01   0.0000000e+00   0.0000000e+00
   1.4550000e+01   5.5000000e+01   9.9050000e+01   5.7000000e+01   0.0000000e+00   0.0000000e+00
   1.4600000e+01   5.5000000e+01   9.9050000e+01   5.7000000e+01   0.0000000e+00   0.0000000e+00
   1.4650000e+01   5.5000000e+01   9.9050000e+01   5.7000000e+01   0.0000000e+00   0.0000000e+00
   1.4700000e+01   5.5000000e+01   9.9050000e+01   5.7000000e+01   0.0000000e+00   0.0000000e+00
   1.4750000e+01   5.5000000e+01   9.9050000e+01   5.7000000e+01   0.0000000e+00   0.0000000e+00
   1.4800000e+01   5.5000000e+01   9.9050000e+01   5.7000000e+01   0.0000000e+00   0.0000000e+00
   1.4850000e+01   5.5000000e+01   9.9050000e+01   5.7000000e+01   0.0000000e+00   0.0000000e+00
   1.4900000e+01   5.5000000e+01   9.9050000e+01   5.7000000e+01   0.0000000e+00   0.0000000e+00
   1.4950000e+01   5.5000000e+01   9.9050000e+01   5.7000000e+01   0.0000000e+00   0.0000000e+00
   1.5000000e+01   5.5000000e+01   9.9050000e+01   5.7000000e+01   0.0000000e+00   0.0000000e+00
   1.5050000e+01   5.5000000e+01   9.9050000e+01   5.7000000e+01   0.0000000e+00   0.0000000e+00
   1.5100000e+01   5.5000000e+01   9.9050000e+01   5.7000000e+01   0.0000000e+00   0.0000000e+00
   1.5150000e+01   5.5000000e+01   9.9050000e+01   5.7000000e+01   0.0000000e+00   0.0000000e+00
   1.5200000e+01   5.5000000e+01   9.9050000e+01   5.7000000e+01   0.0000000e+00   0.0000000e+00
   1.5250000e+01   5.5000000e+01   9.9050000e+01   5.7000000e+01   0.0000000e+00   0.0000000e+00
   1.5300000e+01   5.5000000e+01   9.9050000e+01   5.7000000e+01   0.0000000e+00   0.0000000e+00
   1.5350000e+01   5.5000000e+01   9.9050000e+01   5.7000000e+01   0.0000000e+00   0.0000000e+00
   1.5400000e+01   5.5000000e+01   9.9050000e+01   5.7000000e+01   0.0000000e+00   0.0000000e+00
   1.5450000e+01   5.5000000e+01   9.9050000e+01   5.7000000e+01   0.0000000e+00   0.0000000e+00
   1.5500000e+01   5.5000000e+01   9.9050000e+01   5.7000000e+01   0.0000000e+00   0.0000000e+00
   1.5550000e+01   5.5000000e+01   9.9050000e+01   5.7000000e+01   0.0000000e+00   0.0000000e+00
   1.5600000e+01   5.5000000e+01   9.9050000e+01   5.7000000e+01   0.0000000e+00   0.0000000e+00
   1.5650000e+01   5.5000000e+01   9.9050000e+01   5.7000000e+01   0.0000000e+00   0.0000000e+00
   1.5700000e+01   5.5000000e+01   9.9050000e+01   5.7000000e+01   0.0000000e+00   0.0000000e+00
   1.5750000e+01   5.5000000e+01   9.9050000e+01   5.7000000e+01   0.0000000e+00   0.0000000e+00
   1.5800000e+01   5.5000000e+01   9.9050000e+01   5.7000000e+01   0.0000000e+00   0.0000000e+00
   1.5850000e+01   5.5000000e+01   9.9050000e+01   5.7000000e+01   0.0000000e+00   0.0000000e+00
   1.5900000e+01   5.5000000e+01   9.9050000e+01   5.7000000e+01   0.0000000e+00   0.0000000e+00
   1.5950000e+01   5.5000000e+01   9.9050000e+01   5.8000000e+01   0.0000000e+00   0.0000000e+00
   1.6000000e+01   5.5000000e+01   9.9050000e+01   5.8000000e+01   0.0000000e+00   0.0000000e+00
   1.6050000e+01   5.5000000e+01   9.9050000e+01   5.8000000e+01   0.0000000e+00   0.0000000e+00
   1.6100000e+01   5.5000000e+01   9.9050000e+01   5.8000000e+01   0.0000000e+00   0.0000000e+00
   1.6150000e+01   5.5000000e+01   9.9050000e+01   5.8000000e+01   0.0000000e+00   0.0000000e+00
   1.6200000e+01   5.5000000e+01   9.9050000e+01   5.8000000e+01   0.0000000e+00   0.0000000e+00
   1.6250000e+01   5.5000000e+01   9.9050000e+01   5.8000000e+01   0.0000000e+00   0.0000000e+00
   1.6300000e+01   5.5000000e+01   9.9050000e+01   5.8000000e+01   0.0000000e+00   0.0000000e+00
   1.6350000e+01   5.5000000e+01   9.9050000e+01   5.8000000e+01   0.0000000e+00   0.0000000e+00
   1.6400000e+01   5.5000000e+01   9.9050000e+01   5.8000000e+01   0.0000000e+00   0.0000000e+00
   1.6450000e+01   5.5000000e+01   9.9050000e+01   5.8000000e+01   0.0000000e+00   0.0000000e+00
   1.6500000e+01   5.5000000e+01   9.9050000e+01   5.8000000e+01   0.0000000e+00   0.0000000e+00
   1.6550000e+01   5.5000000e+01   9.9050000e+01   5.8000000e+01   0.0000000e+00   0.0000000e+00
   1.6600000e+01   5.5000000e+01   9.9050000e+01   5.8000000e+01   0.0000000e+00   0.0000000e+00
   1.6650000e+01   5.5000000e+01   9.9050000e+01   5.8000000e+01   0.0000000e+00   0.0000000e+00
   1.6700000e+01   5.5000000e+01   9.9050000e+01   5.8000000e+01   0.0000000e+00   0.0000000e+00
   1.6750000e+01   5.5000000e+01   9.9050000e+01   5.8000000e+01   0.0000000e+00   0.0000000e+00
   1.6800000e+01   5.5000000e+01   9.9050000e+01   5.8000000e+01   0.0000000e+00   0.0000000e+00
   1.6850000e+01   5.5000000e+01   9.9050000e+01   5.8000000e+01   0.0000000e+00   0.0000000e+00
   1.6900000e+01   5.5000000e+01   9.9050000e+01   5.8000000e+01   0.0000000e+00   0.0000000e+00
   1.6950000e+01   5.5000000e+01   9.9050000e+01   5.8000000e+01   0.0000000e+00   0.0000000e+00
   1.7000000e+01   5.5000000e+01   9.9050000e+01   5.8000000e+01   0.0000000e+00   0.0000000e+00
   1.7050000e+01   5.5000000e+01   9.9050000e+01   5.8000000e+01   0.0000000e+00   0.0000000e+00
   1.7100000e+01   5.5000000e+01   9.9050000e+01   5.8000000e+01   0.0000000e+00   0.0000000e+00
   1.7150000e+01   5.5000000e+01   9.9050000e+01   5.8000000e+01   0.0000000e+00   0.0000000e+00
   1.7200000e+01   5.5000000e+01   9.9050000e+01   5.8000000e+01   0.0000000e+00   0.0000000e+00
   1.7250000e+01   5.5000000e+01   9.9050000e+01   5.8000000e+01   0.0000000e+00   0.0000000e+00
   1.7300000e+01   5.5000000e+01   9.9050000e+01   5.8000000e+01   0.0000000e+00   0.0000000e+00
   1.7350000e+01   5.5000000e+01   9.9050000e+01   5.8000000e+01   0.0000000e+00   0.0000000e+00
   1.7400000e+01   5.5000000e+01   9.9050000e+01   5.8000000e+01   0.0000000e+00   0.0000000e+00
   1.7450000e+01   5.5000000e+01   9.9050000e+01   5.8000000e+01   0.0000000e+00   0.0000000e+00
   1.7500000e+01   5.5000000e+01   9.9050000e+01   5.8000000e+01   0.0000000e+00   0.0000000e+00
   1.7550000e+01   5.5000000e+01   9.9050000e+01   5.8000000e+01   0.0000000e+00   0.0000000e+00
   1.7600000e+01   5.5000000e+01   9.9050000e+01   5.8000000e+01   0.0000000e+00   0.0000000e+00
   1.7650000e+01   5.5000000e+01   9.9050000e+01   5.9000000e+01   0.0000000e+00   0.0000000e+00
   1.7700000e+01   5.5000000e+01   9.9050000e+01   5.9000000e+01   0.0000000e+00   0.0000000e+00
   1.7750000e+01   5.5000000e+01   9.9050000e+01   5.9000000e+01   0.0000000e+00   0.0000000e+00
   1.7800000e+01   5.5000000e+01   9.9050000e+01   5.9000000e+01   0.0000000e+00   0.0000000e+00
   1.7850000e+01   5.5000000e+01   9.9050000e+01   5.9000000e+01   0.0000000e+00   0.0000000e+00
   1.7900000e+01   5.5000000e+01   9.9050000e+01   5.9000000e+01   0.0000000e+00   0.0000000e+00
   1.7950000e+01   5.5000000e+01   9.9050000e+01   5.9000000e+01   0.0000000e+00   0.0000000e+00
   1.8000000e+01   5.5000000e+01   9.9050000e+01   5.9000000e+01   0.0000000e+00   0.0000000e+00
   1.8050000e+01   5.5000000e+01   9.9050000e+01   5.9000000e+01   0.0000000e+00   0.0000000e+00
   1.8100000e+01   5.5000000e+01   9.9050000e+01   5.9000000e+01   0.0000000e+00   0.0000000e+00
   1.8150000e+01   5.5000000e+01   9.9050000e+01   5.9000000e+01   0.0000000e+00   0.0000000e+00
   1.8200000e+01   5.5000000e+01   9.9050000e+01   5.9000000e+01   0.0000000e+00   0.0000000e+00
   1.8250000e+01   5.5000000e+01   9.9050000e+01   5.9000000e+01   0.0000000e+00   0.0000000e+00
   1.8300000e+01   5.5000000e+01   9.9050000e+01   5.9000000e+01   0.0000000e+00   0.0000000e+00
   1.8350000e+01   5.5000000e+01   9.9050000e+01   5.9000000e+01   0.0000000e+00   0.0000000e+00
   1.8400000e+01   5.5000000e+01   9.9050000e+01   5.9000000e+01   0.0000000e+00   0.0000000e+00
   1.8450000e+01   5.5000000e+01   9.9050000e+01   5.9000000e+01   0.0000000e+00   0.0000000e+00
   1.8500000e+01   5.5000000e+01   9.9050000e+01   5.9000000e+01   0.0000000e+00   0.0000000e+00
   1.8550000e+01   5.5000000e+01   9.9050000e+01   5.9000000e+01   0.0000000e+00   0.0000000e+00
   1.8600000e+01   5.5000000e+01   9.9050000e+01   5.9000000e+01   0.0000000e+00   0.0000000e+00
   1.8650000e+01   5.5000000e+01   9.9050000e+01   5.9000000e+01   0.0000000e+00   0.0000000e+00
   1.8700000e+01   5.5000000e+01   9.9050000e+01   5.9000000e+01   0.0000000e+00   0.0000000e+00
   1.8750000e+01   5.5000000e+01   9.9050000e+01   5.9000000e+01   0.0000000e+00   0.0000000e+00
   1.8790000e+01   5.5000000e+01   9.9050000e+01   5.9000000e+01   0.0000000e+00   0.0000000e+00
   1.8840000e+01   5.5000000e+01   9.9050000e+01   5.9000000e+01   0.0000000e+00   0.0000000e+00
   1.8890000e+01   5.5000000e+01   9.9050000e+01   5.9000000e+01   0.0000000e+00   0.0000000e+00
   1.8940000e+01   5.5000000e+01   9.9050000e+01   5.9000000e+01   0.0000000e+00   0.0000000e+00
   1.8990000e+01   5.5000000e+01   9.9050000e+01   5.9000000e+01   0.0000000e+00   0.0000000e+00
   1.9040000e+01   5.5000000e+01   9.9050000e+01   5.9000000e+01   0.0000000e+00   0.0000000e+00
   1.9090000e+01   5.5000000e+01   9.9050000e+01   5.9000000e+01   0.0000000e+00   0.0000000e+00
   1.9140000e+01   5.5000000e+01   9.9050000e+01   5.9000000e+01   0.0000000e+00   0.0000000e+00
   1.9190000e+01   5.5000000e+01   9.9050000e+01   5.9000000e+01   0.0000000e+00   0.0000000e+00
   1.9240000e+01   5.5000000e+01   9.9050000e+01   5.9000000e+01   0.0000000e+00   0.0000000e+00
   1.9290000e+01   5.5000000e+01   9.9050000e+01   5.9000000e+01   0.0000000e+00   0.0000000e+00
   1.9340000e+01   5.5000000e+01   9.9050000e+01   5.9000000e+01   0.0000000e+00   0.0000000e+00
   1.9390000e+01   5.5000000e+01   9.9050000e+01   5.9000000e+01   0.0000000e+00   0.0000000e+00
   1.9440000e+01   5.5000000e+01   9.9050000e+01   5.9000000e+01   0.0000000e+00   0.0000000e+00
   1.9490000e+01   5.5000000e+01   9.9050000e+01   5.9000000e+01   0.0000000e+00   0.0000000e+00
   1.9540000e+01   5.5000000e+01   9.9050000e+01   5.9000000e+01   0.0000000e+00   0.0000000e+00
   1.9590000e+01   5.5000000e+01   9.9050000e+01   5.9000000e+01   0.0000000e+00   0.0000000e+00
   1.9640000e+01   5.5000000e+01   9.9050000e+01   5.9000000e+01   0.0000000e+00   0.0000000e+00
   1.9690000e+01   5.5000000e+01   9.9050000e+01   5.9000000e+01   0.0000000e+00   0.0000000e+00
   1.9740000e+01   5.5000000e+01   9.9050000e+01   5.9000000e+01   0.0000000e+00   0.0000000e+00
   1.9790000e+01   5.5000000e+01   9.9050000e+01   5.9000000e+01   0.0000000e+00   0.0000000e+00
   1.9840000e+01   5.5000000e+01   9.9050000e+01   5.9000000e+01   0.0000000e+00   0.0000000e+00
   1.9890000e+01   5.5000000e+01   9.9050000e+01   5.9000000e+01   0.0000000e+00   0.0000000e+00
   1.9940000e+01   5.5000000e+01   9.9050000e+01   6.0000000e+01   0.0000000e+00   0.0000000e+00
   1.9990000e+01   5.5000000e+01   9.9050000e+01   6.0000000e+01   0.0000000e+00   0.0000000e+00
   2.0040000e+01   7.0000000e+01   1.0905000e+02   6.0000000e+01   0.0000000e+00   0.0000000e+00
   2.0090000e+01   7.0000000e+01   1.1905000e+02   6.0000000e+01   0.0000000e+00   0.0000000e+00
   2.0140000e+01   7.0000000e+01   1.2606000e+02   6.0000000e+01   0.0000000e+00   0.0000000e+00
   2.0190000e+01   7.0000000e+01   1.2606000e+02   6.0000000e+01   0.0000000e+00   0.0000000e+00
   2.0240000e+01   7.0000000e+01   1.2606000e+02   6.0000000e+01   0.0000000e+00   0.0000000e+00
   2.0290000e+01   7.0000000e+01   1.2606000e+02   6.0000000e+01   0.0000000e+00   0.0000000e+00
   2.0340000e+01   7.0000000e+01   1.2606000e+02   6.0000000e+01   0.0000000e+00   0.0000000e+00
   2.0390000e+01   7.0000000e+01   1.2606000e+02   6.1000000e+01   0.0000000e+00   0.0000000e+00
   2.0440000e+01   7.0000000e+01   1.2606000e+02   6.1000000e+01   0.0000000e+00   0.0000000e+00
   2.0490000e+01   7.0000000e+01   1.2606000e+02   6.2000000e+01   0.0000000e+00   0.0000000e+00
   2.0540000e+01   7.0000000e+01   1.2606000e+02   6.2000000e+01   0.0000000e+00   0.0000000e+00
   2.0590000e+01   7.0000000e+01   1.2606000e+02   6.2000000e+01   0.0000000e+00   0.0000000e+00
   2.0640000e+01   7.0000000e+01   1.2606000e+02   6.3000000e+01   0.0000000e+00   0.0000000e+00
   2.0690000e+01   7.0000000e+01   1.2606000e+02   6.3000000e+01   0.0000000e+00   0.0000000e+00
   2.0740000e+01   7.0000000e+01   1.2606000e+02   6.3000000e+01   0.0000000e+00   0.0000000e+00
   2.0790000e+01   7.0000000e+01   1.2606000e+02   6.4000000e+01   0.0000000e+00   0.0000000e+00
   2.0840000e+01   7.0000000e+01   1.2606000e+02   6.4000000e+01   0.0000000e+00   0.0000000e+00
   2.0890000e+01   7.0000000e+01   1.2606000e+02   6.4000000e+01   0.0000000e+00   0.0000000e+00
   2.0940000e+01   7.0000000e+01   1.2606000e+02   6.5000000e+01   0.0000000e+00   0.0000000e+00
   2.0990000e+01   7.0000000e+01   1.2606000e+02   6.5000000e+01   0.0000000e+00   0.0000000e+00
   2.1040000e+01   7.0000000e+01   1.2606000e+02   6.5000000e+01   0.0000000e+00   0.0000000e+00
   2.1090000e+01   7.0000000e+01   1.2606000e+02   6.5000000e+01   0.0000000e+00   0.0000000e+00
   2.1140000e+01   7.0000000e+01   1.2606000e+02   6.6000000e+01   0.0000000e+00   0.0000000e+00
   2.1190000e+01   7.0000000e+01   1.2606000e+02   6.6000000e+01   0.0000000e+00   0.0000000e+00
   2.1240000e+01   7.0000000e+01   1.2606000e+02   6.6000000e+01   0.0000000e+00   0.0000000e+00
   2.1290000e+01   7.0000000e+01   1.2606000e+02   6.6000000e+01   0.0000000e+00   0.0000000e+00
   2.1340000e+01   7.0000000e+01   1.2606000e+02   6.7000000e+01   0.0000000e+00   0.0000000e+00
   2.1390000e+01   7.0000000e+01   1.2606000e+02   6.7000000e+01   0.0000000e+00   0.0000000e+00
   2.1440000e+01   7.0000000e+01   1.2606000e+02   6.7000000e+01   0.0000000e+00   0.0000000e+00
   2.1490000e+01   7.0000000e+01   1.2606000e+02   6.7000000e+01   0.0000000e+00   0.0000000e+00
   2.1540000e+01   7.0000000e+01   1.2606000e+02   6.7000000e+01   0.0000000e+00   0.0000000e+00
   2.1590000e+01   7.0000000e+01   1.2606000e+02   6.8000000e+01   0.0000000e+00   0.0000000e+00
   2.1640000e+01   7.0000000e+01   1.2606000e+02   6.8000000e+01   0.0000000e+00   0.0000000e+00
   2.1690000e+01   7.0000000e+01   1.2606000e+02   6.8000000e+01   0.0000000e+00   0.0000000e+00
   2.1740000e+01   7.0000000e+01   1.2606000e+02   6.8000000e+01   0.0000000e+00   0.0000000e+00
   2.1790000e+01   7.0000000e+01   1.2606000e+02   6.8000000e+01   0.0000000e+00   0.0000000e+00
   2.1840000e+01   7.0000000e+01   1.2606000e+02   6.8000000e+01   0.0000000e+00   0.0000000e+00
   2.1890000e+01   7.0000000e+01   1.2606000e+02   6.9000000e+01   0.0000000e+00   0.0000000e+00
   2.1940000e+01   7.0000000e+01   1.2606000e+02   6.9000000e+01   0.0000000e+00   0.0000000e+00
   2.1990000e+01   7.0000000e+01   1.2606000e+02   6.9000000e+01   0.0000000e+00   0.0000000e+00
   2.2040000e+01   7.0000000e+01   1.2606000e+02   6.9000000e+01   0.0000000e+00   0.0000000e+00
   2.2090000e+01   7.0000000e+01   1.2606000e+02   6.9000000e+01   0.0000000e+00   0.0000000e+00
   2.2140000e+01   7.0000000e+01   1.2606000e+02   6.9000000e+01   0.0000000e+00   0.0000000e+00
   2.2190000e+01   7.0000000e+01   1.2606000e+02   6.9000000e+01   0.0000000e+00   0.0000000e+00
   2.2240000e+01   7.0000000e+01   1.2606000e+02   6.9000000e+01   0.0000000e+00   0.0000000e+00
   2.2290000e+01   7.0000000e+01   1.2606000e+02   7.0000000e+01   0.0000000e+00   0.0000000e+00
   2.2340000e+01   7.0000000e+01   1.2606000e+02   7.0000000e+01   0.0000000e+00   0.0000000e+00
   2.2390000e+01   7.0000000e+01   1.2606000e+02   7.0000000e+01   0.0000000e+00   0.0000000e+00
   2.2440000e+01   7.0000000e+01   1.2606000e+02   7.0000000e+01   0.0000000e+00   0.0000000e+00
   2.2490000e+01   7.0000000e+01   1.2606000e+02   7.0000000e+01   0.0000000e+00   0.0000000e+00
   2.2540000e+01   7.0000000e+01   1.2606000e+02   7.0000000e+01   0.0000000e+00   0.0000000e+00
   2.2590000e+01   7.0000000e+01   1.2606000e+02   7.0000000e+01   0.0000000e+00   0.0000000e+00
   2.2640000e+01   7.0000000e+01   1.2606000e+02   7.0000000e+01   0.0000000e+00   0.0000000e+00
   2.2690000e+01   7.0000000e+01   1.2606000e+02   7.1000000e+01   0.0000000e+00   0.0000000e+00
   2.2740000e+01   7.0000000e+01   1.2606000e+02   7.1000000e+01   0.0000000e+00   0.0000000e+00
   2.2790000e+01   7.0000000e+01   1.2606000e+02   7.1000000e+01   0.0000000e+00   0.0000000e+00
   2.2840000e+01   7.0000000e+01   1.2606000e+02   7.1000000e+01   0.0000000e+00   0.0000000e+00
   2.2890000e+01   7.0000000e+01   1.2606000e+02   7.1000000e+01   0.0000000e+00   0.0000000e+00
   2.2940000e+01   7.0000000e+01   1.2606000e+02   7.1000000e+01   0.0000000e+00   0.0000000e+00
   2.2990000e+01   7.0000000e+01   1.2606000e+02   7.1000000e+01   0.0000000e+00   0.0000000e+00
   2.3040000e+01   7.0000000e+01   1.2606000e+02   7.1000000e+01   0.0000000e+00   0.0000000e+00
   2.3090000e+01   7.0000000e+01   1.2606000e+02   7.1000000e+01   0.0000000e+00   0.0000000e+00
   2.3140000e+01   7.0000000e+01   1.2606000e+02   7.1000000e+01   0.0000000e+00   0.0000000e+00
   2.3190000e+01   7.0000000e+01   1.2606000e+02   7.2000000e+01   0.0000000e+00   0.0000000e+00
   2.3240000e+01   7.0000000e+01   1.2606000e+02   7.2000000e+01   0.0000000e+00   0.0000000e+00
   2.3290000e+01   7.0000000e+01   1.2606000e+02   7.2000000e+01   0.0000000e+00   0.0000000e+00
   2.3340000e+01   7.0000000e+01   1.2606000e+02   7.2000000e+01   0.0000000e+00   0.0000000e+00
   2.3390000e+01   7.0000000e+01   1.2606000e+02   7.2000000e+01   0.0000000e+00   0.0000000e+00
   2.3440000e+01   7.0000000e+01   1.2606000e+02   7.2000000e+01   0.0000000e+00   0.0000000e+00
   2.3490000e+01   7.0000000e+01   1.2606000e+02   7.2000000e+01   0.0000000e+00   0.0000000e+00
   2.3540000e+01   7.0000000e+01   1.2606000e+02   7.2000000e+01   0.0000000e+00   0.0000000e+00
   2.3590000e+01   7.0000000e+01   1.2606000e+02   7.2000000e+01   0.0000000e+00   0.0000000e+00
   2.3640000e+01   7.0000000e+01   1.2606000e+02   7.2000000e+01   0.0000000e+00   0.0000000e+00
   2.3690000e+01   7.0000000e+01   1.2606000e+02   7.2000000e+01   0.0000000e+00   0.0000000e+00
   2.3740000e+01   7.0000000e+01   1.2606000e+02   7.2000000e+01   0.0000000e+00   0.0000000e+00
   2.3790000e+01   7.0000000e+01   1.2606000e+02   7.2000000e+01   0.0000000e+00   0.0000000e+00
   2.3840000e+01   7.0000000e+01   1.2606000e+02   7.2000000e+01   0.0000000e+00   0.0000000e+00
   2.3890000e+01   7.0000000e+01   1.2606000e+02   7.2000000e+01   0.0000000e+00   0.0000000e+00
   2.3940000e+01   7.0000000e+01   1.2606000e+02   7.2000000e+01   0.0000000e+00   0.0000000e+00
   2.3990000e+01   7.0000000e+01   1.2606000e+02   7.2000000e+01   0.0000000e+00   0.0000000e+00
   2.4040000e+01   7.0000000e+01   1.2606000e+02   7.2000000e+01   0.0000000e+00   0.0000000e+00
   2.4090000e+01   7.0000000e+01   1.2606000e+02   7.2000000e+01   0.0000000e+00   0.0000000e+00
   2.4140000e+01   7.0000000e+01   1.2606000e+02   7.2000000e+01   0.0000000e+00   0.0000000e+00
   2.4190000e+01   7.0000000e+01   1.2606000e+02   7.2000000e+01   0.0000000e+00   0.0000000e+00
   2.4240000e+01   7.0000000e+01   1.2606000e+02   7.2000000e+01   0.0000000e+00   0.0000000e+00
   2.4290000e+01   7.0000000e+01   1.2606000e+02   7.2000000e+01   0.0000000e+00   0.0000000e+00
   2.4340000e+01   7.0000000e+01   1.2606000e+02   7.2000000e+01   0.0000000e+00   0.0000000e+00
   2.4390000e+01   7.0000000e+01   1.2606000e+02   7.2000000e+01   0.0000000e+00   0.0000000e+00
   2.4440000e+01   7.0000000e+01   1.2606000e+02   7.2000000e+01   0.0000000e+00   0.0000000e+00
   2.4490000e+01   7.0000000e+01   1.2606000e+02   7.2000000e+01   0.0000000e+00   0.0000000e+00
   2.4540000e+01   7.0000000e+01   1.2606000e+02   7.2000000e+01   0.0000000e+00   0.0000000e+00
   2.4590000e+01   7.0000000e+01   1.2606000e+02   7.2000000e+01   0.0000000e+00   0.0000000e+00
   2.4640000e+01   7.0000000e+01   1.2606000e+02   7.2000000e+01   0.0000000e+00   0.0000000e+00
   2.4690000e+01   7.0000000e+01   1.2606000e+02   7.2000000e+01   0.0000000e+00   0.0000000e+00
   2.4740000e+01   7.0000000e+01   1.2606000e+02   7.2000000e+01   0.0000000e+00   0.0000000e+00
   2.4790000e+01   7.0000000e+01   1.2606000e+02   7.2000000e+01   0.0000000e+00   0.0000000e+00
   2.4840000e+01   7.0000000e+01   1.2606000e+02   7.2000000e+01   0.0000000e+00   0.0000000e+00
   2.4890000e+01   7.0000000e+01   1.2606000e+02   7.2000000e+01   0.0000000e+00   0.0000000e+00
   2.4940000e+01   7.0000000e+01   1.2606000e+02   7.3000000e+01   0.0000000e+00   0.0000000e+00
   2.4990000e+01   7.0000000e+01   1.2606000e+02   7.3000000e+01   0.0000000e+00   0.0000000e+00
   2.5040000e+01   7.0000000e+01   1.2606000e+02   7.2000000e+01   0.0000000e+00   0.0000000e+00
   2.5090000e+01   7.0000000e+01   1.2606000e+02   7.2000000e+01   0.0000000e+00   0.0000000e+00
   2.5140000e+01   7.0000000e+01   1.2606000e+02   7.2000000e+01   0.0000000e+00   0.0000000e+00
   2.5190000e+01   7.0000000e+01   1.2606000e+02   7.3000000e+01   0.0000000e+00   0.0000000e+00
   2.5240000e+01   7.0000000e+01   1.2606000e+02   7.3000000e+01   0.0000000e+00   0.0000000e+00
   2.5290000e+01   7.0000000e+01   1.2606000e+02   7.3000000e+01   0.0000000e+00   0.0000000e+00
   2.5340000e+01   7.0000000e+01   1.2606000e+02   7.3000000e+01   0.0000000e+00   0.0000000e+00
   2.5390000e+01   7.0000000e+01   1.2606000e+02   7.3000000e+01   0.0000000e+00   0.0000000e+00
   2.5440000e+01   7.0000000e+01   1.2606000e+02   7.3000000e+01   0.0000000e+00   0.0000000e+00
   2.5490000e+01   7.0000000e+01   1.2606000e+02   7.3000000e+01   0.0000000e+00   0.0000000e+00
   2.5540000e+01   7.0000000e+01   1.2606000e+02   7.3000000e+01   0.0000000e+00   0.0000000e+00
   2.5590000e+01   7.0000000e+01   1.2606000e+02   7.3000000e+01   0.0000000e+00   0.0000000e+00
   2.5640000e+01   7.0000000e+01   1.2606000e+02   7.3000000e+01   0.0000000e+00   0.0000000e+00
   2.5690000e+01   7.0000000e+01   1.2606000e+02   7.3000000e+01   0.0000000e+00   0.0000000e+00
   2.5740000e+01   7.0000000e+01   1.2606000e+02   7.3000000e+01   0.0000000e+00   0.0000000e+00
   2.5790000e+01   7.0000000e+01   1.2606000e+02   7.3000000e+01   0.0000000e+00   0.0000000e+00
   2.5840000e+01   7.0000000e+01   1.2606000e+02   7.3000000e+01   0.0000000e+00   0.0000000e+00
   2.5890000e+01   7.0000000e+01   1.2606000e+02   7.3000000e+01   0.0000000e+00   0.0000000e+00
   2.5940000e+01   7.0000000e+01   1.2606000e+02   7.3000000e+01   0.0000000e+00   0.0000000e+00
   2.5990000e+01   7.0000000e+01   1.2606000e+02   7.3000000e+01   0.0000000e+00   0.0000000e+00
   2.6040000e+01   7.0000000e+01   1.2606000e+02   7.3000000e+01   0.0000000e+00   0.0000000e+00
   2.6090000e+01   7.0000000e+01   1.2606000e+02   7.3000000e+01   0.0000000e+00   0.0000000e+00
   2.6140000e+01   7.0000000e+01   1.2606000e+02   7.3000000e+01   0.0000000e+00   0.0000000e+00
   2.6190000e+01   7.0000000e+01   1.2606000e+02   7.3000000e+01   0.0000000e+00   0.0000000e+00
   2.6240000e+01   7.0000000e+01   1.2606000e+02   7.3000000e+01   0.0000000e+00   0.0000000e+00
   2.6290000e+01   7.0000000e+01   1.2606000e+02   7.3000000e+01   0.0000000e+00   0.0000000e+00
   2.6340000e+01   7.0000000e+01   1.2606000e+02   7.3000000e+01   0.0000000e+00   0.0000000e+00
   2.6390000e+01   7.0000000e+01   1.2606000e+02   7.3000000e+01   0.0000000e+00   0.0000000e+00
   2.6440000e+01   7.0000000e+01   1.2606000e+02   7.3000000e+01   0.0000000e+00   0.0000000e+00
   2.6490000e+01   7.0000000e+01   1.2606000e+02   7.3000000e+01   0.0000000e+00   0.0000000e+00
   2.6540000e+01   7.0000000e+01   1.2606000e+02   7.3000000e+01   0.0000000e+00   0.0000000e+00
   2.6590000e+01   7.0000000e+01   1.2606000e+02   7.3000000e+01   0.0000000e+00   0.0000000e+00
   2.6640000e+01   7.0000000e+01   1.2606000e+02   7.3000000e+01   0.0000000e+00   0.0000000e+00
   2.6690000e+01   7.0000000e+01   1.2606000e+02   7.3000000e+01   0.0000000e+00   0.0000000e+00
   2.6740000e+01   7.0000000e+01   1.2606000e+02   7.3000000e+01   0.0000000e+00   0.0000000e+00
   2.6790000e+01   7.0000000e+01   1.2606000e+02   7.3000000e+01   0.0000000e+00   0.0000000e+00
   2.6840000e+01   7.0000000e+01   1.2606000e+02   7.3000000e+01   0.0000000e+00   0.0000000e+00
   2.6890000e+01   7.0000000e+01   1.2606000e+02   7.3000000e+01   0.0000000e+00   0.0000000e+00
   2.6940000e+01   7.0000000e+01   1.2606000e+02   7.3000000e+01   0.0000000e+00   0.0000000e+00
   2.6990000e+01   7.0000000e+01   1.2606000e+02   7.3000000e+01   0.0000000e+00   0.0000000e+00
   2.7040000e+01   7.0000000e+01   1.2606000e+02   7.3000000e+01   0.0000000e+00   0.0000000e+00
   2.7090000e+01   7.0000000e+01   1.2606000e+02   7.3000000e+01   0.0000000e+00   0.0000000e+00
   2.7140000e+01   7.0000000e+01   1.2606000e+02   7.3000000e+01   0.0000000e+00   0.0000000e+00
   2.7190000e+01   7.0000000e+01   1.2606000e+02   7.3000000e+01   0.0000000e+00   0.0000000e+00
   2.7240000e+01   7.0000000e+01   1.2606000e+02   7.3000000e+01   0.0000000e+00   0.0000000e+00
   2.7290000e+01   7.0000000e+01   1.2606000e+02   7.3000000e+01   0.0000000e+00   0.0000000e+00
   2.7340000e+01   7.0000000e+01   1.2606000e+02   7.3000000e+01   0.0000000e+00   0.0000000e+00
   2.7390000e+01   7.0000000e+01   1.2606000e+02   7.3000000e+01   0.0000000e+00   0.0000000e+00
   2.7440000e+01   7.0000000e+01   1.2606000e+02   7.3000000e+01   0.0000000e+00   0.0000000e+00
   2.7490000e+01   7.0000000e+01   1.2606000e+02   7.3000000e+01   0.0000000e+00   0.0000000e+00
   2.7540000e+01   7.0000000e+01   1.2606000e+02   7.3000000e+01   0.0000000e+00   0.0000000e+00
   2.7590000e+01   7.0000000e+01   1.2606000e+02   7.3000000e+01   0.0000000e+00   0.0000000e+00
   2.7640000e+01   7.0000000e+01   1.2606000e+02   7.3000000e+01   0.0000000e+00   0.0000000e+00
   2.7690000e+01   7.0000000e+01   1.2606000e+02   7.3000000e+01   0.0000000e+00   0.0000000e+00
   2.7740000e+01   7.0000000e+01   1.2606000e+02   7.4000000e+01   0.0000000e+00   0.0000000e+00
   2.7790000e+01   7.0000000e+01   1.2606000e+02   7.4000000e+01   0.0000000e+00   0.0000000e+00
   2.7840000e+01   7.0000000e+01   1.2606000e+02   7.3000000e+01   0.0000000e+00   0.0000000e+00
   2.7890000e+01   7.0000000e+01   1.2606000e+02   7.3000000e+01   0.0000000e+00   0.0000000e+00
   2.7940000e+01   7.0000000e+01   1.2606000e+02   7.3000000e+01   0.0000000e+00   0.0000000e+00
   2.7990000e+01   7.0000000e+01   1.2606000e+02   7.3000000e+01   0.0000000e+00   0.0000000e+00
   2.8040000e+01   7.0000000e+01   1.2606000e+02   7.3000000e+01   0.0000000e+00   0.0000000e+00
   2.8090000e+01   7.0000000e+01   1.2606000e+02   7.3000000e+01   0.0000000e+00   0.0000000e+00
   2.8140000e+01   7.0000000e+01   1.2606000e+02   7.3000000e+01   0.0000000e+00   0.0000000e+00
   2.8190000e+01   7.0000000e+01   1.2606000e+02   7.3000000e+01   0.0000000e+00   0.0000000e+00
   2.8240000e+01   7.0000000e+01   1.2606000e+02   7.3000000e+01   0.0000000e+00   0.0000000e+00
   2.8290000e+01   7.0000000e+01   1.2606000e+02   7.3000000e+01   0.0000000e+00   0.0000000e+00
   2.8340000e+01   7.0000000e+01   1.2606000e+02   7.3000000e+01   0.0000000e+00   0.0000000e+00
   2.8390000e+01   7.0000000e+01   1.2606000e+02   7.3000000e+01   0.0000000e+00   0.0000000e+00
   2.8440000e+01   7.0000000e+01   1.2606000e+02   7.3000000e+01   0.0000000e+00   0.0000000e+00
   2.8490000e+01   7.0000000e+01   1.2606000e+02   7.4000000e+01   0.0000000e+00   0.0000000e+00
   2.8540000e+01   7.0000000e+01   1.2606000e+02   7.4000000e+01   0.0000000e+00   0.0000000e+00
   2.8590000e+01   7.0000000e+01   1.2606000e+02   7.4000000e+01   0.0000000e+00   0.0000000e+00
   2.8640000e+01   7.0000000e+01   1.2606000e+02   7.4000000e+01   0.0000000e+00   0.0000000e+00
   2.8690000e+01   7.0000000e+01   1.2606000e+02   7.4000000e+01   0.0000000e+00   0.0000000e+00
   2.8740000e+01   7.0000000e+01   1.2606000e+02   7.4000000e+01   0.0000000e+00   0.0000000e+00
   2.8790000e+01   7.0000000e+01   1.2606000e+02   7.4000000e+01   0.0000000e+00   0.0000000e+00
   2.8840000e+01   7.0000000e+01   1.2606000e+02   7.4000000e+01   0.0000000e+00   0.0000000e+00
   2.8890000e+01   7.0000000e+01   1.2606000e+02   7.4000000e+01   0.0000000e+00   0.0000000e+00
   2.8940000e+01   7.0000000e+01   1.2606000e+02   7.4000000e+01   0.0000000e+00   0.0000000e+00
   2.8990000e+01   7.0000000e+01   1.2606000e+02   7.4000000e+01   0.0000000e+00   0.0000000e+00
   2.9040000e+01   7.0000000e+01   1.2606000e+02   7.4000000e+01   0.0000000e+00   0.0000000e+00
   2.9090000e+01   7.0000000e+01   1.2606000e+02   7.4000000e+01   0.0000000e+00   0.0000000e+00
   2.9140000e+01   7.0000000e+01   1.2606000e+02   7.4000000e+01   0.0000000e+00   0.0000000e+00
   2.9190000e+01   7.0000000e+01   1.2606000e+02   7.4000000e+01   0.0000000e+00   0.0000000e+00
   2.9240000e+01   7.0000000e+01   1.2606000e+02   7.4000000e+01   0.0000000e+00   0.0000000e+00
   2.9290000e+01   7.0000000e+01   1.2606000e+02   7.4000000e+01   0.0000000e+00   0.0000000e+00
   2.9340000e+01   7.0000000e+01   1.2606000e+02   7.4000000e+01   0.0000000e+00   0.0000000e+00
   2.9390000e+01   7.0000000e+01   1.2606000e+02   7.4000000e+01   0.0000000e+00   0.0000000e+00
   2.9440000e+01   7.0000000e+01   1.2606000e+02   7.4000000e+01   0.0000000e+00   0.0000000e+00
   2.9490000e+01   7.0000000e+01   1.2606000e+02   7.4000000e+01   0.0000000e+00   0.0000000e+00
   2.9540000e+01   7.0000000e+01   1.2606000e+02   7.4000000e+01   0.0000000e+00   0.0000000e+00
   2.9590000e+01   7.0000000e+01   1.2606000e+02   7.5000000e+01   0.0000000e+00   0.0000000e+00
   2.9640000e+01   7.0000000e+01   1.2606000e+02   7.5000000e+01   0.0000000e+00   0.0000000e+00
   2.9690000e+01   7.0000000e+01   1.2606000e+02   7.4000000e+01   0.0000000e+00   0.0000000e+00
   2.9740000e+01   7.0000000e+01   1.2606000e+02   7.4000000e+01   0.0000000e+00   0.0000000e+00
   2.9790000e+01   7.0000000e+01   1.2606000e+02   7.5000000e+01   0.0000000e+00   0.0000000e+00
   2.9840000e+01   7.0000000e+01   1.2606000e+02   7.5000000e+01   0.0000000e+00   0.0000000e+00
   2.9890000e+01   7.0000000e+01   1.2606000e+02   7.5000000e+01   0.0000000e+00   0.0000000e+00
   2.9940000e+01   7.0000000e+01   1.2606000e+02   7.5000000e+01   0.0000000e+00   0.0000000e+00
   2.9990000e+01   7.0000000e+01   1.2606000e+02   7.5000000e+01   0.0000000e+00   0.0000000e+00
   3.0040000e+01   0.0000000e+00   0.0000000e+00   7.4000000e+01   0.0000000e+00   0.0000000e+00
   3.0090000e+01   0.0000000e+00   0.0000000e+00   7.4000000e+01   0.0000000e+00   0.0000000e+00
   3.0140000e+01   0.0000000e+00   0.0000000e+00   7.4000000e+01   0.0000000e+00   0.0000000e+00
   3.0190000e+01   0.0000000e+00   0.0000000e+00   7.4000000e+01   0.0000000e+00   0.0000000e+00
   3.0240000e+01   0.0000000e+00   0.0000000e+00   7.3000000e+01   0.0000000e+00   0.0000000e+00
   3.0290000e+01   0.0000000e+00   0.0000000e+00   7.1000000e+01   0.0000000e+00   0.0000000e+00
   3.0340000e+01   0.0000000e+00   0.0000000e+00   6.9000000e+01   0.0000000e+00   0.0000000e+00
   3.0390000e+01   0.0000000e+00   0.0000000e+00   6.6000000e+01   0.0000000e+00   0.0000000e+00
   3.0440000e+01   0.0000000e+00   0.0000000e+00   6.4000000e+01   0.0000000e+00   0.0000000e+00
   3.0490000e+01   0.0000000e+00   0.0000000e+00   6.2000000e+01   0.0000000e+00   0.0000000e+00
   3.0540000e+01   0.0000000e+00   0.0000000e+00   6.0000000e+01   0.0000000e+00   0.0000000e+00
   3.0590000e+01   0.0000000e+00   0.0000000e+00   5.8000000e+01   0.0000000e+00   0.0000000e+00
   3.0640000e+01   0.0000000e+00   0.0000000e+00   5.6000000e+01   0.0000000e+00   0.0000000e+00
   3.0690000e+01   0.0000000e+00   0.0000000e+00   5.4000000e+01   0.0000000e+00   0.0000000e+00
   3.0740000e+01   0.0000000e+00   0.0000000e+00   5.2000000e+01   0.0000000e+00   0.0000000e+00
   3.0790000e+01   0.0000000e+00   0.0000000e+00   5.0000000e+01   0.0000000e+00   0.0000000e+00
   3.0840000e+01   0.0000000e+00   0.0000000e+00   4.8000000e+01   0.0000000e+00   0.0000000e+00
   3.0890000e+01   0.0000000e+00   0.0000000e+00   4.7000000e+01   0.0000000e+00   0.0000000e+00
   3.0940000e+01   0.0000000e+00   0.0000000e+00   4.5000000e+01   0.0000000e+00   0.0000000e+00
   3.0990000e+01   0.0000000e+00   0.0000000e+00   4.3000000e+01   0.0000000e+00   0.0000000e+00
   3.1040000e+01   0.0000000e+00   0.0000000e+00   4.1000000e+01   0.0000000e+00   0.0000000e+00
   3.1090000e+01   0.0000000e+00   0.0000000e+00   4.0000000e+01   0.0000000e+00   0.0000000e+00
   3.1140000e+01   0.0000000e+00   0.0000000e+00   3.8000000e+01   0.0000000e+00   0.0000000e+00
   3.1190000e+01   0.0000000e+00   0.0000000e+00   3.6000000e+01   0.0000000e+00   0.0000000e+00
   3.1240000e+01   0.0000000e+00   0.0000000e+00   3.5000000e+01   0.0000000e+00   0.0000000e+00
   3.1290000e+01   0.0000000e+00   0.0000000e+00   3.3000000e+01   0.0000000e+00   0.0000000e+00
   3.1340000e+01   0.0000000e+00   0.0000000e+00   3.2000000e+01   0.0000000e+00   0.0000000e+00
   3.1390000e+01   0.0000000e+00   0.0000000e+00   3.0000000e+01   0.0000000e+00   0.0000000e+00
   3.1440000e+01   0.0000000e+00   0.0000000e+00   2.8000000e+01   0.0000000e+00   0.0000000e+00
   3.1490000e+01   0.0000000e+00   0.0000000e+00   2.7000000e+01   0.0000000e+00   0.0000000e+00
   3.1540000e+01   0.0000000e+00   0.0000000e+00   2.5000000e+01   0.0000000e+00   0.0000000e+00
   3.1590000e+01   0.0000000e+00   0.0000000e+00   2.4000000e+01   0.0000000e+00   0.0000000e+00
   3.1640000e+01   0.0000000e+00   0.0000000e+00   2.2000000e+01   0.0000000e+00   0.0000000e+00
   3.1690000e+01   0.0000000e+00   0.0000000e+00   2.1000000e+01   0.0000000e+00   0.0000000e+00
   3.1740000e+01   0.0000000e+00   0.0000000e+00   2.0000000e+01   0.0000000e+00   0.0000000e+00
   3.1790000e+01   0.0000000e+00   0.0000000e+00   1.8000000e+01   0.0000000e+00   0.0000000e+00
   3.1840000e+01   0.0000000e+00   0.0000000e+00   1.7000000e+01   0.0000000e+00   0.0000000e+00
   3.1890000e+01   0.0000000e+00   0.0000000e+00   1.6000000e+01   0.0000000e+00   0.0000000e+00
   3.1940000e+01   0.0000000e+00   0.0000000e+00   1.4000000e+01   0.0000000e+00   0.0000000e+00
   3.1990000e+01   0.0000000e+00   0.0000000e+00   1.3000000e+01   0.0000000e+00   0.0000000e+00
   3.2040000e+01   0.0000000e+00   0.0000000e+00   1.2000000e+01   0.0000000e+00   0.0000000e+00
   3.2090000e+01   0.0000000e+00   0.0000000e+00   1.1000000e+01   0.0000000e+00   0.0000000e+00
   3.2140000e+01   0.0000000e+00   0.0000000e+00   1.0000000e+01   0.0000000e+00   0.0000000e+00
   3.2190000e+01   0.0000000e+00   0.0000000e+00   8.0000000e+00   0.0000000e+00   0.0000000e+00
   3.2240000e+01   0.0000000e+00   0.0000000e+00   7.0000000e+00   0.0000000e+00   0.0000000e+00
   3.2290000e+01   0.0000000e+00   0.0000000e+00   6.0000000e+00   0.0000000e+00   0.0000000e+00
   3.2340000e+01   0.0000000e+00   0.0000000e+00   5.0000000e+00   0.0000000e+00   0.0000000e+00
   3.2390000e+01   0.0000000e+00   0.0000000e+00   4.0000000e+00   0.0000000e+00   0.0000000e+00
   3.2440000e+01   0.0000000e+00   0.0000000e+00   2.0000000e+00   0.0000000e+00   0.0000000e+00
   3.2490000e+01   0.0000000e+00   0.0000000e+00   1.0000000e+00   0.0000000e+00   0.0000000e+00
   3.2540000e+01   0.0000000e+00   0.0000000e+00   0.0000000e+00   0.0000000e+00   0.0000000e+00
   3.2590000e+01   0.0000000e+00   0.0000000e+00   0.0000000e+00   0.0000000e+00   0.0000000e+00
   3.2640000e+01   0.0000000e+00   0.0000000e+00   0.0000000e+00   0.0000000e+00   0.0000000e+00
   3.2690000e+01   0.0000000e+00   0.0000000e+00   0.0000000e+00   0.0000000e+00   0.0000000e+00
   3.2740000e+01   0.0000000e+00   0.0000000e+00   0.0000000e+00   0.0000000e+00   0.0000000e+00
   3.2790000e+01   0.0000000e+00   0.0000000e+00   0.0000000e+00   0.0000000e+00   0.0000000e+00
   3.2840000e+01   0.0000000e+00   0.0000000e+00   0.0000000e+00   0.0000000e+00   0.0000000e+00
   3.2890000e+01   0.0000000e+00   0.0000000e+00   0.0000000e+00   0.0000000e+00   0.0000000e+00
