     179        0        0        0 
     184        0        0        0 
     189        9      148        0 
     194       67     1031        0 
     199      229     3315        0 
     204      500     6752        0 
     209      828    10208        1 
     214     1142    12665       15 
     219     1388    13529       69 
     224     1554    12793      199 
     229     1695    11369      428 
     234     1871    10304      740 
     239     2085     9778     1088 
     244     2293     9355     1414 
     249     2448     8718     1678 
     254     2530     7887     1870 
     259     2549     7030     2002 
     264     2535     6387     2091 
     269     2523     6165     2154 
     274     2531     6235     2202 
     279     2547     6277     2243 
     284     2564     6208     2276 
     289     2571     6076     2301 
     294     2557     5815     2316 
     299     2530     5470     2327 
     304     2514     5367     2339 
     309     2526     5671     2351 
     314     2552     6077     2361 
     319     2572     6213     2367 
     324     2574     6041     2371 
     329     2560     5733     2376 
     334     2538     5424     2386 
     339     2517     5194     2400 
     344     2505     5131     2412 
     349     2507     5248     2422 
     354     2519     5408     2429 
     359     2532     5499     2436 
     364     2543     5532     2441 
     369     2546     5505     2443 
     374     2538     5385     2445 
     379     2524     5205     2448 
     384     2512     5057     2454 
     389     2503     4976     2460 
     394     2490     4887     2463 
     399     2473     4772     2460 
     404     2459     4750     2453 
     409     2457     4908     2445 
     414     2467     5166     2439 
     419     2479     5341     2433 
     424     2483     5357     2426 
     429     2481     5304     2421 
     434     2477     5253     2420 
     439     2473     5202     2422 
     444     2468     5161     2425 
     449     2463     5144     2425 
     454     2454     5072     2424 
     459     2437     4852     2425 
     464     2421     4621     2429 
     469     2413     4581     2434 
     475     2414     4725     2434 
     480     2427     4991     2432 
     485     2467     5565     2428 
     490     2558     6775     2425 
     495     2703     8538     2425 
     500     2874    10282     2428 
     505     3041    11591     2439 
     510     3197    12493     2468 
     515     3347    13163     2526 
     520     3499    13695     2618 
     525     3657    14099     2741 
     530     3821    14447     2885 
     535     3988    14732     3042 
     540     4137    14647     3210 
     545     4240    13897     3382 
     550     4292    12616     3555 
     555     4315    11344     3724 
     560     4339    10582     3880 
     565     4378    10330     4014 
     570     4424    10239     4122 
     575     4463    10044     4204 
     580     4480     9665     4265 
     585     4472     9133     4310 
     590     4448     8595     4346 
     595     4428     8299     4375 
     600     4428     8373     4399 
     605     4449     8643     4418 
     610     4476     8832     4433 
     615     4497     8851     4445 
     620     4510     8761     4455 
     625     4507     8532     4467 
     630     4489     8146     4481 
     635     4472     7872     4494 
     640     4472     7959     4505 
     645     4488     8262     4511 
     650     4505     8432     4514 
     655     4510     8311     4516 
     660     4497     7993     4516 
     665     4468     7587     4517 
     670     4434     7229     4520 
     675     4411     7078     4524 
     680     4401     7096     4526 
     685     4403     7212     4526 
     690     4423     7520     4522 
     695     4454     7928     4516 
     700     4477     8115     4508 
     705     4480     7992     4501 
     710     4466     7733     4494 
     715     4440     7449     4488 
     720     4408     7179     4484 
     725     4387     7074     4483 
     730     4385     7223     4481 
     735     4393     7440     4476 
     740     4398     7483     4470 
     745     4396     7360     4465 
     750     4389     7242     4461 
     755     4394     7410     4456 
     760     4449     8356     4451 
     765     4563     9957     4444 
     770     4672    11029     4439 
     775     4734    11076     4437 
     780     4794    11270     4444 
     785     4929    12859     4466 
     790     5163    15680     4504 
     795     5456    18463     4556 
     800     5736    20173     4624 
     805     5971    20881     4714 
     810     6184    21417     4838 
     815     6410    22315     4999 
     820     6640    23086     5189 
     825     6820    22799     5396 
     830     6917    21294     5611 
     835     6946    19340     5829 
     840     6944    17694     6040 
     845     6933    16485     6234 
     850     6926    15580     6400 
     855     6929    14984     6530 
     860     6941    14710     6624 
     865     6955    14634     6687 
     870     6966    14616     6727 
     875     6980    14668     6753 
     880     7004    14813     6776 
     885     7027    14825     6803 
     890     7031    14468     6833 
     895     7016    13923     6863 
     900     6997    13537     6891 
     905     6980    13348     6914 
     910     6971    13279     6933 
     915     6978    13379     6946 
     920     6994    13566     6955 
     925     7005    13580     6962 
     930     7002    13339     6970 
     935     6993    13058     6980 
     940     6987    12964     6990 
     945     6990    13086     6997 
     950     6995    13184     7000 
     955     6983    12925     7002 
     960     6959    12506     7005 
     965     6967    12706     7009 
     970     7034    13852     7012 
     975     7124    14984     7013 
     980     7156    14789     7014 
     985     7110    13447     7018 
     990     7045    12449     7028 
     995     7028    12735     7040 
    1000     7078    13951     7052 
    1005     7168    15086     7061 
    1010     7240    15386     7068 
    1015     7248    14718     7075 
    1020     7192    13562     7083 
    1025     7125    12826     7095 
    1030     7108    13111     7110 
    1035     7156    14103     7125 
    1040     7231    14937     7139 
    1045     7284    15021     7149 
    1050     7286    14435     7156 
    1055     7250    13727     7164 
    1060     7217    13462     7173 
    1065     7213    13730     7183 
    1070     7228    14039     7193 
    1075     7232    13856     7204 
    1080     7197    13036     7214 
    1085     7104    11634     7223 
    1090     6948     9725     7229 
    1095     6735     7404     7230 
    1100     6472     4724     7226 
    1105     6163     1649     7216 
    1110     5829        0     7189 
    1115     5522        0     7109 
    1120     5301        0     6945 
    1125     5179        0     6715 
    1130     5128     1667     6458 
    1135     5102     3197     6199 
    1140     5071     4280     5952 
    1145     5032     5314     5727 
    1150     4995     6392     5529 
    1155     4970     7384     5362 
    1160     4961     8223     5227 
    1165     4963     8894     5123 
    1170     4970     9335     5049 
    1175     4970     9462     5002 
    1180     4963     9352     4976 
    1185     4953     9195     4968 
    1190     4949     9084     4973 
    1195     4954     9007     4989 
    1200     4962     8954     5006 
    1205     4969     8961     5016 
    1210     4976     9041     5019 
    1215     4983     9157     5016 
    1220     4990     9260     5012 
    1225     4995     9301     5008 
    1230     4998     9295     5006 
    1235     4999     9238     5007 
    1240     4992     9060     5012 
    1245     4976     8773     5018 
    1250     4956     8486     5025 
    1255     4943     8348     5032 
    1260     4941     8423     5036 
    1265     4949     8573     5038 
    1270     4961     8682     5038 
    1275     4973     8791     5034 
    1280     4984     8941     5027 
    1285     4992     9062     5018 
    1290     4994     9052     5013 
    1295     4992     8932     5013 
    1300     4985     8763     5016 
    1305     4973     8565     5021 
    1310     4959     8383     5027 
    1315     4949     8291     5031 
    1320     4948     8363     5031 
    1325     4956     8562     5028 
    1330     4966     8728     5021 
    1335     4968     8719     5014 
    1340     4950     8384     5008 
    1345     4879     7289     5008 
    1350     4713     4992     5010 
    1355     4456     1859     5011 
    1360     4159        0     5005 
    1365     3880        0     4987 
    1370     3658        0     4930 
    1375     3511        0     4796 
    1380     3441        0     4595 
    1385     3432     1003     4371 
    1390     3455     2890     4148 
    1395     3482     4457     3938 
    1400     3500     5741     3753 
    1405     3510     6904     3591 
    1410     3515     7939     3452 
    1415     3518     8548     3353 
    1420     3520     8556     3307 
    1425     3522     8125     3312 
    1430     3518     7542     3349 
    1435     3507     7024     3396 
    1440     3492     6679     3436 
    1445     3478     6482     3464 
    1450     3470     6414     3480 
    1455     3470     6522     3485 
    1460     3477     6721     3482 
    1465     3487     6878     3477 
    1470     3502     7007     3476 
    1475     3519     7110     3478 
    1480     3531     7097     3485 
    1485     3534     6963     3494 
    1490     3531     6794     3504 
    1495     3520     6584     3513 
    1500     3501     6280     3524 
    1505     3481     5968     3535 
    1510     3464     5835     3541 
    1515     3457     5948     3538 
    1520     3463     6183     3533 
    1525     3476     6386     3527 
    1530     3492     6544     3520 
    1535     3508     6733     3512 
    1540     3522     6924     3504 
    1545     3530     6983     3498 
    1550     3529     6860     3498 
    1555     3523     6647     3504 
    1560     3513     6444     3513 
    1565     3500     6259     3522 
    1570     3486     6071     3530 
    1575     3474     5923     3537 
    1580     3470     5925     3540 
    1585     3475     6092     3539 
    1590     3486     6261     3537 
    1595     3497     6361     3533 
    1600     3508     6490     3527 
    1605     3524     6744     3519 
    1610     3572     7428     3514 
    1615     3691     9062     3511 
    1620     3902    11724     3512 
    1625     4186    14797     3522 
    1630     4500    17487     3549 
    1635     4797    19354     3602 
    1640     5063    20455     3695 
    1645     5305    21048     3841 
    1650     5527    21177     4039 
    1655     5714    20622     4278 
    1660     5854    19389     4543 
    1665     5953    17934     4811 
    1670     6023    16650     5064 
    1675     6068    15556     5286 
    1680     6088    14562     5469 
    1685     6088    13688     5610 
    1690     6077    12981     5716 
    1695     6061    12411     5798 
    1700     6047    11930     5863 
    1705     6035    11533     5916 
    1710     6027    11274     5956 
    1715     6029    11195     5987 
    1720     6039    11234     6009 
    1725     6048    11293     6022 
    1730     6055    11318     6028 
    1735     6059    11259     6034 
    1740     6061    11142     6043 
    1745     6063    11085     6053 
    1750     6066    11066     6061 
    1755     6061    10906     6070 
    1760     6041    10539     6077 
    1765     6012    10147     6082 
    1770     5986     9937     6084 
    1775     5971     9946     6084 
    1780     5970    10055     6083 
    1785     5975    10121     6082 
    1790     5983    10172     6079 
    1795     5993    10297     6074 
    1800     6004    10423     6069 
    1805     6008    10447     6064 
    1810     6005    10368     6058 
    1815     5995    10257     6052 
    1820     5983    10162     6047 
    1825     5970    10073     6043 
    1830     5959     9993     6040 
    1835     5951     9972     6036 
    1840     5952    10054     6032 
    1845     5960    10226     6027 
    1850     5970    10387     6020 
    1855     5977    10491     6011 
    1860     5983    10576     6002 
    1865     5989    10614     5997 
    1870     5989    10562     5997 
    1875     5988    10490     5998 
    1879     5988    10485     6000 
    1884     5999    10666     6002 
    1889     6062    11609     6003 
    1894     6248    14258     6002 
    1899     6601    18851     6003 
    1904     7090    24318     6011 
    1909     7596    28713     6038 
    1914     7967    29478     6099 
    1919     8105    27990     6224 
    1924     8045    23704     6431 
    1929     7916    19603     6712 
    1934     7843    17358     7023 
    1939     7881    17138     7305 
    1944     7999    17996     7513 
    1949     8130    18875     7636 
    1954     8223    19240     7693 
    1959     8263    19121     7720 
    1964     8265    18790     7740 
    1969     8250    18451     7767 
    1974     8236    18167     7802 
    1979     8230    17898     7846 
    1984     8233    17694     7892 
    1989     8248    17673     7935 
    1994     8270    17748     7972 
    1999     8285    17706     8003 
    2004     8288    17512     8028 
    2009     8282    17291     8048 
    2014     8272    17059     8069 
    2019     8253    16725     8091 
    2024     8230    16356     8112 
    2029     8215    16150     8131 
    2034     8212    16189     8146 
    2039     8223    16360     8158 
    2044     8239    16481     8169 
    2049     8251    16458     8178 
    2054     8257    16366     8187 
    2059     8261    16383     8193 
    2064     8268    16505     8196 
    2069     8273    16507     8203 
    2074     8272    16307     8214 
    2079     8265    16043     8227 
    2084     8251    15814     8237 
    2089     8231    15612     8244 
    2094     8212    15420     8249 
    2099     8202    15359     8254 
    2104     8210    15537     8258 
    2109     8229    15769     8261 
    2114     8245    15833     8265 
    2119     8256    15770     8270 
